1403636626013555456.000000 -19.296058655 -6.490693569 47.605979919 -0.549576223 -0.600819290 -0.387901127 0.431873620
1403636626613555456.000000 -19.291820526 -6.426540375 47.745876312 -0.543507397 -0.593312800 -0.391119391 0.446772218
1403636627713555456.000000 -19.184303284 -6.503517628 47.787220001 -0.561593235 -0.597962737 -0.381932646 0.425653875
1403636627963555584.000000 -19.149835587 -6.518040657 47.761043549 -0.586544871 -0.593573570 -0.382614374 0.396537274
1403636629063555584.000000 -18.945785522 -6.408589840 47.870296478 -0.605339527 -0.564222395 -0.403084010 0.390820324
1403636629113555456.000000 -18.931598663 -6.406427860 47.878200531 -0.606700480 -0.563272655 -0.404600054 0.388506472
1403636629313555456.000000 -18.872558594 -6.389584541 47.900943756 -0.616765082 -0.548265576 -0.414580047 0.383574307
1403636629763555584.000000 -18.716142654 -6.329213142 47.867866516 -0.658340096 -0.505143762 -0.429355562 0.356471479
1403636629863555584.000000 -18.672269821 -6.312368870 47.845363617 -0.671552718 -0.493079752 -0.435012162 0.341546148
1403636630513555456.000000 -18.372987747 -6.146005630 47.834407806 -0.684620023 -0.452896774 -0.471731991 0.321945548
1403636633163555584.000000 -17.504354477 -5.114071846 47.714096069 -0.619508862 -0.540598154 -0.429719299 0.373234093
1403636634763555584.000000 -17.027912140 -4.122517586 47.641380310 -0.604726911 -0.548000991 -0.427396387 0.389015079
1403636635163555584.000000 -16.906610489 -3.861109018 47.657428741 -0.596388102 -0.567889452 -0.411461949 0.390540540
1403636635263555584.000000 -16.880144119 -3.795833826 47.655963898 -0.596823394 -0.569516301 -0.407351673 0.391813487
1403636635413555456.000000 -16.842596054 -3.695865870 47.649089813 -0.600573361 -0.569105208 -0.399081141 0.395177424
1403636635463555584.000000 -16.829816818 -3.661442280 47.648654938 -0.600944698 -0.568362772 -0.398415297 0.396351606
1403636635763555584.000000 -16.746404648 -3.450735092 47.678859711 -0.602948129 -0.561400473 -0.397788227 0.403791547
1403636635863555584.000000 -16.714130402 -3.376335382 47.702487946 -0.603900135 -0.554657340 -0.397850394 0.411552012
1403636635963555584.000000 -16.677440643 -3.302447557 47.730548859 -0.608260930 -0.553874075 -0.392770499 0.411063880
1403636636313555456.000000 -16.525632858 -3.034205914 47.832477570 -0.595913827 -0.562513471 -0.412096947 0.398298115
1403636636513555456.000000 -16.439538956 -2.884354830 47.901092529 -0.582359195 -0.555318892 -0.430760831 0.408563077
1403636636613555456.000000 -16.399351120 -2.817023039 47.923301697 -0.578292608 -0.558078587 -0.436393231 0.404582530
1403636636713555456.000000 -16.362791061 -2.755495787 47.937145233 -0.575054169 -0.562043667 -0.440978885 0.398694515
1403636636913555456.000000 -16.308944702 -2.648943424 47.938468933 -0.572299540 -0.569647253 -0.443451017 0.389006883
1403636637713555456.000000 -16.235078812 -2.309240818 47.905868530 -0.592541218 -0.572784662 -0.403329462 0.397665620
1403636637813555456.000000 -16.229150772 -2.261795998 47.928699493 -0.590383232 -0.572199762 -0.405357867 0.399650097
1403636638013555456.000000 -16.218915939 -2.164281607 47.981643677 -0.586429477 -0.569826424 -0.409290284 0.404820800
1403636638213555456.000000 -16.210147858 -2.067780018 47.980880737 -0.583734512 -0.567997456 -0.411578745 0.408944964
1403636638463555584.000000 -16.198837280 -1.958564639 47.937530518 -0.601054072 -0.572188020 -0.385461330 0.403428406
1403636638563555584.000000 -16.190967560 -1.913067698 47.916141510 -0.608842254 -0.574584723 -0.373664886 0.399422139
1403636638713555456.000000 -16.170808792 -1.836313963 47.904659271 -0.603098810 -0.579085648 -0.381513447 0.394181818
1403636638813555456.000000 -16.153865814 -1.777872562 47.910713196 -0.596823752 -0.577647150 -0.389985502 0.397537887
1403636639213555456.000000 -16.071933746 -1.523619294 47.951061249 -0.602814496 -0.561082900 -0.379609495 0.421541631
1403636639513555456.000000 -15.965417862 -1.316080213 47.886833191 -0.591197133 -0.574609876 -0.396682203 0.403674096
1403636639613555456.000000 -15.925675392 -1.244760513 47.856674194 -0.583945453 -0.579008460 -0.406626463 0.398009986
1403636639713555456.000000 -15.888935089 -1.173316717 47.827148438 -0.580074310 -0.576486766 -0.411461294 0.402338654
1403636640213555456.000000 -15.730868340 -0.853692889 47.785842896 -0.568578601 -0.579445481 -0.405991137 0.419681579
1403636641013555456.000000 -15.528377533 -0.477745771 47.775257111 -0.556070387 -0.597765744 -0.393345922 0.422777623
1403636641463555584.000000 -15.449854851 -0.311413914 47.736907959 -0.562707543 -0.588795245 -0.388182998 0.431270689
1403636641813555456.000000 -15.383646011 -0.218860462 47.712120056 -0.559249282 -0.591577590 -0.395412803 0.425352722
1403636642863555584.000000 -15.213603020 -0.032637887 47.711135864 -0.604437709 -0.560899138 -0.407335162 0.392587930
1403636643163555584.000000 -15.169890404 0.008112388 47.719547272 -0.601438344 -0.556118429 -0.411394238 0.399698675
1403636643763555584.000000 -15.058471680 0.124606177 47.750076294 -0.607531726 -0.569183409 -0.395659536 0.387800217
1403636643963555584.000000 -15.012717247 0.190011472 47.780494690 -0.609529972 -0.574931264 -0.390926987 0.380924284
1403636644263555584.000000 -14.943490982 0.332185656 47.786239624 -0.607777119 -0.567483127 -0.394184858 0.391392767
1403636644513555456.000000 -14.875733376 0.477841407 47.752967834 -0.604551733 -0.543594182 -0.399667412 0.423424989
1403636644713555456.000000 -14.798680305 0.587320089 47.692237854 -0.599596083 -0.544050038 -0.407082319 0.422821701
1403636645463555584.000000 -14.466184616 0.960000336 47.491943359 -0.613738120 -0.569903553 -0.394762248 0.377754390
1403636645563555584.000000 -14.422657967 1.032019138 47.478492737 -0.611756265 -0.568362772 -0.398183405 0.379694641
1403636645863555584.000000 -14.294805527 1.278018236 47.441452026 -0.610058129 -0.565780461 -0.401059121 0.383240461
1403636646163555584.000000 -14.163677216 1.549850225 47.488811493 -0.622608304 -0.536142349 -0.414913327 0.390841722
1403636646313555456.000000 -14.087303162 1.686182022 47.512157440 -0.641198933 -0.504450142 -0.430611879 0.385962993
1403636646363555584.000000 -14.060022354 1.729565382 47.517131805 -0.647562921 -0.492236525 -0.437078357 0.383833289
1403636647113555456.000000 -13.642428398 2.216883421 47.636875153 -0.680514276 -0.446076959 -0.478438884 0.330169678
1403636647263555584.000000 -13.567010880 2.289232016 47.656696320 -0.682462335 -0.448537201 -0.474531949 0.328449398
1403636647413555456.000000 -13.492198944 2.358946562 47.666545868 -0.680348456 -0.447199911 -0.474747777 0.334294617
1403636647863555584.000000 -13.256571770 2.521733761 47.687805176 -0.678493977 -0.440524608 -0.479849815 0.339600116
1403636647963555584.000000 -13.200919151 2.545788288 47.690185547 -0.682959735 -0.433812767 -0.483944505 0.333422065
1403636648013555456.000000 -13.173064232 2.555856705 47.687793732 -0.686770678 -0.428629786 -0.486427039 0.328650743
1403636649313555456.000000 -12.501370430 2.550610542 47.621555328 -0.755864859 -0.297542214 -0.539682508 0.221087858
1403636649613555456.000000 -12.362434387 2.542331934 47.747165680 -0.754256546 -0.304291368 -0.535318673 0.227898911
1403636649863555584.000000 -12.259225845 2.519538164 47.851558685 -0.754235089 -0.287945688 -0.545960009 0.223929554
1403636650163555584.000000 -12.154731750 2.471426010 47.904483795 -0.758617997 -0.270919681 -0.553955436 0.210320577
1403636650313555456.000000 -12.113337517 2.432695150 47.901016235 -0.768170297 -0.246902823 -0.558549523 0.192291141
1403636651263555584.000000 -11.968120575 2.132491827 47.861915588 -0.794802904 -0.162753060 -0.571124256 0.124968119
1403636651863555584.000000 -11.966273308 1.938964725 47.905364990 -0.790504575 -0.156742826 -0.574652374 0.142509669
1403636652313555456.000000 -12.015281677 1.705386400 47.829666138 -0.815382719 -0.059932269 -0.572760403 0.059201710
1403636653163555584.000000 -12.046705246 1.228725910 47.767753601 0.826053679 -0.009239490 0.563513398 0.001655397
1403636653863555584.000000 -11.952873230 0.912550211 47.800445557 -0.807194054 -0.012967425 -0.590054214 0.010273213
1403636654013555456.000000 -11.952912331 0.854944885 47.793460846 -0.809221268 -0.011088467 -0.587234437 0.013921386
1403636654413555456.000000 -11.987790108 0.698908389 47.776218414 0.811994255 -0.019821253 0.583285868 0.007081030
1403636654763555584.000000 -12.047327042 0.564496279 47.830314636 0.816913486 -0.072658554 0.570643783 0.041698113
1403636655163555584.000000 -12.111429214 0.430063486 47.823162079 0.803685129 -0.090172119 0.585218906 0.058975883
1403636655463555584.000000 -12.183134079 0.339834392 47.790462494 0.795885086 -0.108948573 0.592051864 0.064589322
1403636655563555584.000000 -12.219529152 0.310671449 47.787944794 0.797276080 -0.120072149 0.587317050 0.070655927
1403636655863555584.000000 -12.352974892 0.221644327 47.746238708 0.806665719 -0.163770869 0.561087430 0.087466627
1403636656113555456.000000 -12.465389252 0.131682843 47.677742004 0.799122453 -0.201114759 0.555457354 0.111459859
1403636656313555456.000000 -12.555003166 0.050289080 47.666069031 0.799331248 -0.210844502 0.548493147 0.125576451
1403636656413555456.000000 -12.596342087 0.006833691 47.675491333 0.799984396 -0.212790862 0.546406567 0.127220109
1403636656613555456.000000 -12.668448448 -0.087955751 47.710475922 0.799431622 -0.209333286 0.547950029 0.129767120
1403636656713555456.000000 -12.701011658 -0.137326300 47.725624084 0.792882025 -0.205798656 0.558495760 0.130642757
1403636656913555456.000000 -12.768598557 -0.236675188 47.735710144 0.783305287 -0.196347386 0.574191093 0.134852454
1403636657113555456.000000 -12.847786903 -0.326855302 47.715847015 0.780069470 -0.195314109 0.580420792 0.128280073
1403636657663555584.000000 -13.140152931 -0.561797559 47.664302826 0.795881450 -0.206478998 0.558289945 0.110686824
1403636657763555584.000000 -13.196829796 -0.611695409 47.648811340 0.794632673 -0.208798796 0.559173405 0.110847667
1403636657863555584.000000 -13.253616333 -0.664460957 47.628826141 0.794208288 -0.215252578 0.557865918 0.108097985
1403636658063555584.000000 -13.369088173 -0.784337938 47.599266052 0.797043860 -0.222075135 0.551251411 0.107357875
1403636658163555584.000000 -13.428095818 -0.852179646 47.597579956 0.798240960 -0.217258811 0.549342036 0.117615581
1403636658263555584.000000 -13.485705376 -0.923432589 47.597736359 0.799149036 -0.212924972 0.547666967 0.126824737
1403636658463555584.000000 -13.594140053 -1.067871094 47.582920074 0.801443636 -0.209200218 0.543392718 0.136556819
1403636658563555584.000000 -13.643408775 -1.139696002 47.571418762 0.802498341 -0.205090493 0.541631401 0.143421739
1403636658663555584.000000 -13.688351631 -1.209302187 47.557559967 0.802815318 -0.202149108 0.540923119 0.148409933
1403636658863555584.000000 -13.765343666 -1.338671088 47.522731781 0.798372149 -0.195350856 0.546953142 0.159003913
1403636658963555584.000000 -13.798415184 -1.396211147 47.501197815 0.793612778 -0.198128015 0.553761840 0.155794725
1403636659063555584.000000 -13.829532623 -1.448993564 47.476131439 0.788675189 -0.201058105 0.560797632 0.151898250
1403636659163555584.000000 -13.860807419 -1.498054743 47.447120667 0.785592675 -0.202206537 0.565157175 0.150180101
1403636659263555584.000000 -13.893133163 -1.542741299 47.416885376 0.784548759 -0.202650756 0.566723764 0.149131447
1403636659663555584.000000 -14.019710541 -1.692938089 47.344657898 0.792893708 -0.203558534 0.554565609 0.149467856
1403636659763555584.000000 -14.048223495 -1.723880291 47.325565338 0.790590465 -0.204005301 0.557162046 0.151390225
1403636659863555584.000000 -14.075733185 -1.751122117 47.300781250 0.789796889 -0.205358028 0.557568550 0.152205259
1403636659963555584.000000 -14.103437424 -1.774896383 47.269771576 0.792861879 -0.207170427 0.552410483 0.152620852
1403636660163555584.000000 -14.153937340 -1.814627290 47.196865082 0.801310718 -0.211182892 0.538892925 0.151318684
1403636660463555584.000000 -14.197172165 -1.866936326 47.091579437 0.814848542 -0.215130419 0.517554700 0.147911742
1403636660563555584.000000 -14.196466446 -1.884847999 47.068161011 0.812984645 -0.213525489 0.520633399 0.149679169
1403636660913555456.000000 -14.149515152 -1.934833646 46.956649780 0.791525364 -0.193487763 0.552853703 0.174364254
1403636661213555456.000000 -14.090815544 -1.923048139 46.818244934 0.784997463 -0.202563033 0.562912405 0.160862893
1403636661413555456.000000 -14.058157921 -1.889627457 46.741466522 0.783976197 -0.204653546 0.564404845 0.157941476
1403636661713555456.000000 -14.021580696 -1.814468980 46.684150696 0.784767449 -0.207921281 0.564068079 0.150784373
1403636661913555456.000000 -14.008624077 -1.754069805 46.681797028 0.780151367 -0.214572132 0.570949376 0.139066815
1403636662213555456.000000 -14.018159866 -1.667378664 46.722251892 0.782399535 -0.208865121 0.568382442 0.145491377
1403636662513555456.000000 -14.051313400 -1.570495486 46.727146149 0.794652820 -0.205453858 0.549660563 0.155527517
1403636662613555456.000000 -14.060735703 -1.532885075 46.718082428 0.796747208 -0.211816117 0.546217203 0.148238704
1403636663263555584.000000 -14.095986366 -1.380524874 46.611679077 0.801507950 -0.233024374 0.535983860 0.126514867
1403636663663555584.000000 -14.066002846 -1.389700294 46.512397766 0.818049371 -0.212899849 0.511314571 0.155004501
1403636663863555584.000000 -13.997691154 -1.399461389 46.458946228 0.816229343 -0.196014583 0.515029550 0.173472092
1403636664063555584.000000 -13.887026787 -1.391467452 46.435089111 0.805906713 -0.182009116 0.532061934 0.185194612
1403636664163555584.000000 -13.819745064 -1.374926090 46.432651520 0.801061869 -0.183409378 0.541076958 0.178596795
1403636664263555584.000000 -13.747371674 -1.350824237 46.433605194 0.795467556 -0.185597315 0.551328957 0.169768319
1403636664363555584.000000 -13.674524307 -1.320504308 46.423038483 0.792237699 -0.186637923 0.557704985 0.162760541
1403636664463555584.000000 -13.602334976 -1.285170555 46.396427155 0.790769160 -0.186068431 0.561479509 0.157491341
1403636664613555456.000000 -13.496747017 -1.223089457 46.348953247 0.788100004 -0.186884046 0.568233967 0.145199746
1403636664713555456.000000 -13.429629326 -1.176952243 46.322917938 0.788074255 -0.187592611 0.570109546 0.136832774
1403636665063555584.000000 -13.214426041 -0.997491181 46.289730072 0.800391436 -0.179440841 0.556972384 0.130216122
1403636665213555456.000000 -13.126999855 -0.914708614 46.303108215 0.804832101 -0.181665570 0.551599979 0.122394651
1403636665313555456.000000 -13.067084312 -0.861118257 46.317184448 0.799402535 -0.185836464 0.559596062 0.115206599
1403636665463555584.000000 -12.976877213 -0.786531985 46.337524414 0.798891187 -0.182238683 0.560362160 0.120649189
1403636666513555456.000000 -12.424348831 -0.223581716 46.414806366 0.788202524 -0.194683179 0.572257757 0.115569517
1403636666663555584.000000 -12.375802994 -0.149888888 46.424121857 0.795565546 -0.188174710 0.563103497 0.120748810
1403636667163555584.000000 -12.215226173 0.065330073 46.463203430 0.802708507 -0.189939812 0.554784894 0.108607888
1403636667613555456.000000 -12.055842400 0.208691388 46.416534424 0.804813862 -0.178927839 0.553164899 0.119449727
1403636667913555456.000000 -11.947802544 0.305930048 46.417583466 0.804574370 -0.187770426 0.552836061 0.108511098
1403636668213555456.000000 -11.835037231 0.381269097 46.399765015 0.805558145 -0.184917659 0.549566686 0.121893398
1403636668613555456.000000 -11.655553818 0.472478330 46.317405701 0.802978218 -0.188370064 0.549232602 0.134485245
1403636669213555456.000000 -11.335820198 0.687417090 46.242214203 0.788353920 -0.188000828 0.567557156 0.145026773
1403636669363555584.000000 -11.264106750 0.766094029 46.229919434 0.788092613 -0.189243928 0.567480326 0.145130411
1403636669563555584.000000 -11.176344872 0.880766511 46.198040009 0.781931758 -0.187862709 0.576184630 0.145951286
1403636669713555456.000000 -11.120712280 0.975661576 46.173477173 0.772690833 -0.184050530 0.589058220 0.148608804
1403636669863555584.000000 -11.076683044 1.080251098 46.160789490 0.768599868 -0.196550176 0.595538795 0.126317129
1403636670013555456.000000 -11.053409576 1.185917020 46.163242340 0.773112953 -0.215249628 0.588725865 0.096777193
1403636670313555456.000000 -11.069652557 1.347784162 46.200836182 0.765237153 -0.223098144 0.600901961 0.059632342
1403636670463555584.000000 -11.113632202 1.393915772 46.207695007 0.767666221 -0.218128219 0.601299882 0.039334718
1403636670863555584.000000 -11.361574173 1.342542171 46.275135040 0.781506658 -0.154675394 0.604009211 -0.022268072
1403636671013555456.000000 -11.497244835 1.255942106 46.307083130 0.779424727 -0.124858595 0.610885501 -0.061043780
1403636671313555456.000000 -11.843852043 0.934757590 46.424831390 0.796764255 -0.028376913 0.598435760 -0.078969046
1403636672213555456.000000 -12.744297981 -0.269793868 46.723789215 -0.855783880 -0.098597847 -0.507548034 0.017535040
1403636673563555584.000000 -12.791353226 -0.764732540 46.749099731 -0.832012653 -0.152810290 -0.527962208 0.075232103
1403636674063555584.000000 -12.623980522 -0.625624359 46.745925903 -0.809073210 -0.156459853 -0.560455561 0.082525186
1403636675963555584.000000 -11.779348373 0.375614971 46.435047150 -0.776754141 -0.236280724 -0.551360726 0.191900551
1403636676313555456.000000 -11.604339600 0.616885662 46.331657410 -0.758277178 -0.321184576 -0.529406607 0.203923583
1403636677063555584.000000 -11.329332352 1.226773262 46.274360657 -0.721860588 -0.392019570 -0.496631354 0.280348420
1403636678363555584.000000 -11.127441406 2.053371668 46.210483551 -0.624125004 -0.526691496 -0.435150117 0.379089117
1403636678713555456.000000 -11.073894501 2.195668936 46.259559631 -0.579815328 -0.576292932 -0.411238015 0.403217107
1403636680013555456.000000 -11.192491531 2.499347448 46.369739532 -0.409362614 -0.693056107 -0.319330990 0.500123262
1403636680363555584.000000 -11.240648270 2.462682724 46.495697021 -0.396890789 -0.698420525 -0.344399780 0.485875875
1403636680513555456.000000 -11.280081749 2.417921305 46.525787354 -0.398219734 -0.704045355 -0.349482298 0.472867101
1403636680863555584.000000 -11.444227219 2.256639957 46.551662445 -0.429042280 -0.692533195 -0.318761200 0.484470636
1403636681063555584.000000 -11.555928230 2.151976109 46.539585114 -0.450280756 -0.697485507 -0.291099936 0.475417793
1403636681463555584.000000 -11.783115387 1.993146777 46.516788483 -0.432383955 -0.689244449 -0.313667297 0.489488661
1403636681863555584.000000 -12.018072128 1.828722954 46.522930145 -0.423948795 -0.691560805 -0.315934539 0.492134660
1403636681963555584.000000 -12.078812599 1.783316612 46.525890350 -0.423205674 -0.691154540 -0.314338893 0.494361728
1403636682263555584.000000 -12.261149406 1.631860733 46.569446564 -0.428022951 -0.692845881 -0.303434610 0.494659990
1403636682363555584.000000 -12.319874763 1.579002976 46.578449249 -0.432775527 -0.697921395 -0.297023892 0.487224668
1403636683163555584.000000 -12.785362244 1.169568658 46.617256165 -0.426316649 -0.686748326 -0.320645779 0.493778408
1403636683313555456.000000 -12.874653816 1.077428699 46.615268707 -0.428594887 -0.687154710 -0.314630777 0.495108336
1403636683613555456.000000 -13.051534653 0.884779572 46.583103180 -0.428687245 -0.689167976 -0.308058321 0.496361554
1403636684063555584.000000 -13.303948402 0.600369990 46.554363251 -0.429400414 -0.695160449 -0.297313631 0.493935168
1403636684363555584.000000 -13.462094307 0.425601959 46.610050201 -0.422296375 -0.692888260 -0.298725992 0.502329051
1403636684813555456.000000 -13.665994644 0.154165879 46.624233246 -0.421757698 -0.688173234 -0.293702573 0.512129903
1403636685813555456.000000 -14.001560211 -0.522931218 46.600879669 -0.423588008 -0.695565462 -0.311408281 0.489680260
1403636686363555584.000000 -14.221442223 -0.904050589 46.557655334 -0.434586108 -0.694770813 -0.295680135 0.490919203
1403636688013555456.000000 -14.746311188 -1.731571674 46.470474243 -0.423859596 -0.692485511 -0.298476309 0.501715958
1403636689213555456.000000 -15.057148933 -2.314895391 46.193286896 -0.408019304 -0.714257836 -0.277054220 0.496585310
1403636689313555456.000000 -15.094611168 -2.358594418 46.197628021 -0.406136781 -0.716862202 -0.271778554 0.497290611
1403636689513555456.000000 -15.171138763 -2.433998108 46.231731415 -0.402097762 -0.719168127 -0.267810524 0.499391854
1403636689663555584.000000 -15.226477623 -2.485708952 46.272552490 -0.405453920 -0.721718609 -0.260011882 0.497114867
1403636689813555456.000000 -15.281484604 -2.527213335 46.306461334 -0.415947139 -0.721957028 -0.246234715 0.495110601
1403636690063555584.000000 -15.366619110 -2.556780815 46.345291138 -0.422993571 -0.712803960 -0.242152497 0.504330516
1403636690213555456.000000 -15.407608032 -2.551015139 46.358970642 -0.417330921 -0.719054282 -0.253849208 0.494324237
1403636690413555456.000000 -15.461535454 -2.518948793 46.394771576 -0.413954020 -0.720263481 -0.261305094 0.491510272
1403636690613555456.000000 -15.517789841 -2.467343330 46.428493500 -0.420393467 -0.712757528 -0.252667964 0.501402974
1403636690763555584.000000 -15.555193901 -2.416158438 46.435104370 -0.429998964 -0.699907660 -0.238711536 0.517925680
1403636690913555456.000000 -15.577872276 -2.353761435 46.412010193 -0.433023602 -0.685760796 -0.233361974 0.536437213
1403636691063555584.000000 -15.574225426 -2.279983282 46.390472412 -0.426971763 -0.668949246 -0.239791974 0.559197426
1403636691213555456.000000 -15.532567024 -2.205917120 46.387847900 -0.412343353 -0.666084826 -0.257988811 0.565460742
1403636691363555584.000000 -15.455071449 -2.145416260 46.400661469 -0.393957585 -0.677037537 -0.282319009 0.553817391
1403636691513555456.000000 -15.359545708 -2.100532532 46.425865173 -0.396161139 -0.694353759 -0.274109811 0.534596145
1403636691663555584.000000 -15.255812645 -2.061938286 46.472667694 -0.394169658 -0.705244422 -0.272012800 0.522752047
1403636691863555584.000000 -15.113517761 -2.016454697 46.533065796 -0.388941377 -0.713406444 -0.276664108 0.513062298
1403636692013555456.000000 -15.009010315 -1.987437725 46.563743591 -0.390010178 -0.706280172 -0.274802387 0.523014486
1403636692163555584.000000 -14.903065681 -1.961773992 46.592948914 -0.388424933 -0.707859755 -0.278649092 0.520014703
1403636692413555456.000000 -14.728027344 -1.934251070 46.672725677 -0.391615838 -0.710720599 -0.277283251 0.514419436
1403636692563555584.000000 -14.625313759 -1.924229383 46.742012024 -0.389616251 -0.712981045 -0.283179075 0.509575248
1403636692713555456.000000 -14.527239799 -1.918078065 46.822200775 -0.391724765 -0.713874578 -0.283210546 0.506682038
1403636692913555456.000000 -14.405635834 -1.914979696 46.916255951 -0.382582575 -0.728110313 -0.299021631 0.483810037
1403636693313555456.000000 -14.254709244 -1.923928499 47.045383453 -0.395887345 -0.725087583 -0.277038395 0.490684271
1403636693413555456.000000 -14.228829384 -1.926517963 47.063335419 -0.400747001 -0.727104545 -0.268466055 0.488514990
1403636693663555584.000000 -14.180926323 -1.912111282 47.093971252 -0.410090148 -0.737080455 -0.252263784 0.474237859
1403636693863555584.000000 -14.162510872 -1.869772911 47.112243652 -0.402835429 -0.728761554 -0.261003226 0.488372326
1403636694263555584.000000 -14.151371956 -1.751877666 47.128509521 -0.389678240 -0.710865498 -0.276172638 0.516284585
1403636694663555584.000000 -14.135906219 -1.651911259 47.161365509 -0.393935531 -0.718085587 -0.271108478 0.505636334
1403636695063555584.000000 -14.121227264 -1.555514336 47.120773315 -0.405086368 -0.709503770 -0.261344880 0.514011979
1403636695513555456.000000 -14.071403503 -1.437984467 47.135768890 -0.399255782 -0.711017787 -0.281366140 0.505847573
1403636695913555456.000000 -14.039644241 -1.356516838 47.141464233 -0.401020467 -0.709763885 -0.285488278 0.503899157
1403636696363555584.000000 -14.029901505 -1.286014915 47.078788757 -0.401329190 -0.710068762 -0.290915549 0.500105441
1403636697713555456.000000 -14.135380745 -1.402723312 47.121212006 -0.419926792 -0.702235281 -0.303904295 0.488025963
1403636697913555456.000000 -14.192132950 -1.460366011 47.150341034 -0.449866802 -0.683942020 -0.323858976 0.474297941
1403636700063555584.000000 -14.864449501 -1.931545496 46.951309204 -0.723986030 -0.385721475 -0.488314927 0.297677368
1403636700313555456.000000 -14.860791206 -1.971043587 46.896953583 -0.727300465 -0.380242974 -0.488689810 0.296026468
1403636700813555456.000000 -14.787405968 -2.078258991 46.709930420 -0.737721622 -0.344101310 -0.516737759 0.265222847
1403636701563555584.000000 -14.623538017 -2.230242491 46.660896301 -0.742203891 -0.352970928 -0.509020329 0.255818874
1403636701813555456.000000 -14.552304268 -2.255485773 46.673107147 -0.738992333 -0.350485504 -0.514151633 0.258260280
1403636704213555456.000000 -13.712329865 -2.301713943 46.198204041 -0.776847780 -0.266544074 -0.533191144 0.202901483
1403636704663555584.000000 -13.518203735 -2.286517382 46.164291382 -0.784067690 -0.279869318 -0.520714641 0.189122766
1403636704913555456.000000 -13.393490791 -2.247505665 46.139652252 -0.791776955 -0.286604494 -0.507058263 0.183954269
1403636705163555584.000000 -13.243761063 -2.169977188 46.090694427 -0.785610497 -0.289577663 -0.514710784 0.184482574
1403636705663555584.000000 -12.917855263 -1.921031475 46.033317566 -0.780101418 -0.288511544 -0.522808790 0.186745763
1403636705913555456.000000 -12.751025200 -1.765236378 45.988220215 -0.773572743 -0.279154688 -0.532388866 0.200549349
1403636706163555584.000000 -12.582478523 -1.611417890 45.977329254 -0.769968867 -0.266210437 -0.534948230 0.223853528
1403636706413555456.000000 -12.411810875 -1.482884288 45.944114685 -0.766159475 -0.286772460 -0.539014816 0.200559542
1403636706613555456.000000 -12.284156799 -1.382176638 45.911285400 -0.768134713 -0.293055534 -0.535597026 0.192933112
1403636706863555584.000000 -12.130498886 -1.242052794 45.906505585 -0.775143743 -0.293019176 -0.527228653 0.187941462
1403636707063555584.000000 -12.008722305 -1.116202712 45.920658112 -0.773847997 -0.288169295 -0.532016873 0.187285259
1403636707513555456.000000 -11.744817734 -0.794747055 45.993881226 -0.778120279 -0.280185699 -0.532785177 0.179345533
1403636708213555456.000000 -11.323089600 -0.218381673 46.026763916 -0.773859262 -0.277345389 -0.533598721 0.198730290
1403636708713555456.000000 -10.997528076 0.141248405 45.938632965 -0.767143726 -0.269486338 -0.542420268 0.211300433
1403636709213555456.000000 -10.708124161 0.421844214 45.884410858 -0.761478305 -0.271012366 -0.559460104 0.183596224
1403636709663555584.000000 -10.563081741 0.680359542 45.878372192 -0.771361411 -0.274749517 -0.546870530 0.174490437
1403636709863555584.000000 -10.520833969 0.809559584 45.852439880 -0.770759344 -0.276942194 -0.545886457 0.176751539
1403636710563555584.000000 -10.481854439 1.317706943 45.768100739 -0.765585959 -0.281034768 -0.532177567 0.227342665
1403636710813555456.000000 -10.481322289 1.482815027 45.692665100 -0.749922216 -0.313724518 -0.527684689 0.246460229
1403636711263555584.000000 -10.488654137 1.734487057 45.640102386 -0.719615281 -0.376940936 -0.525446117 0.252934337
1403636711713555456.000000 -10.578007698 1.949094892 45.662479401 -0.704869092 -0.365652412 -0.546273589 0.266539127
1403636711913555456.000000 -10.655861855 2.018481731 45.681442261 -0.716190875 -0.359688818 -0.534232616 0.268868238
1403636712113555456.000000 -10.747882843 2.069950104 45.714397430 -0.728090227 -0.349149436 -0.519043326 0.280309498
1403636712363555584.000000 -10.859888077 2.111526251 45.782398224 -0.712902188 -0.374689639 -0.524010420 0.277112275
1403636712763555584.000000 -11.074840546 2.133681297 45.920803070 -0.687099099 -0.402407378 -0.522954285 0.304108381
1403636713063555584.000000 -11.268277168 2.100463152 45.976135254 -0.689171970 -0.410774410 -0.513501763 0.304339170
1403636713463555584.000000 -11.554249763 1.994905710 46.103153229 -0.696385503 -0.410815507 -0.501994848 0.307048976
1403636713863555584.000000 -11.828238487 1.850166917 46.248210907 -0.709377229 -0.399246931 -0.488978595 0.313505560
1403636714163555584.000000 -11.999947548 1.717329860 46.301994324 -0.708920896 -0.401976615 -0.496252924 0.299297541
1403636714413555456.000000 -12.129414558 1.596143603 46.318454742 -0.713532984 -0.395960897 -0.494254023 0.299664348
1403636715513555456.000000 -12.507384300 1.211381555 46.452384949 -0.649097681 -0.503219783 -0.437755883 0.365803003
1403636715913555456.000000 -12.570543289 1.134677768 46.447429657 -0.633300006 -0.492491066 -0.465820193 0.373356760
1403636716213555456.000000 -12.609387398 1.035081625 46.480617523 -0.643414617 -0.488767266 -0.460698009 0.367262304
1403636716763555584.000000 -12.679573059 0.792249501 46.488937378 -0.644028187 -0.497570306 -0.454242468 0.362374455
1403636717013555456.000000 -12.716621399 0.677015424 46.465003967 -0.619901776 -0.528477967 -0.435200900 0.383448929
1403636717263555584.000000 -12.752578735 0.561243236 46.478740692 -0.591091037 -0.561652064 -0.419319212 0.399161190
1403636717513555456.000000 -12.791016579 0.443111271 46.499393463 -0.571646035 -0.581226408 -0.424329162 0.394133806
1403636718013555456.000000 -12.945368767 0.202947304 46.467163086 -0.554827511 -0.597529054 -0.413160264 0.405492336
1403636718263555584.000000 -13.070107460 0.081315815 46.477306366 -0.534381866 -0.617070436 -0.383969456 0.431541085
1403636718513555456.000000 -13.206679344 -0.042386524 46.449638367 -0.516297400 -0.633336961 -0.357071280 0.452572078
1403636718763555584.000000 -13.339097977 -0.158782929 46.392696381 -0.506101668 -0.642196655 -0.330435991 0.471441120
1403636719013555456.000000 -13.446899414 -0.260189593 46.337245941 -0.487070620 -0.655761361 -0.340345144 0.465730011
1403636719263555584.000000 -13.548487663 -0.356782585 46.328071594 -0.479938209 -0.650530040 -0.348628819 0.474265724
1403636719513555456.000000 -13.646269798 -0.463527083 46.302551270 -0.482911199 -0.642743468 -0.349377990 0.481261581
1403636720563555584.000000 -13.925516129 -0.940717041 46.211574554 -0.503401458 -0.644444466 -0.337905973 0.465937644
1403636721713555456.000000 -13.970788956 -1.302638531 46.193832397 -0.569265187 -0.581053853 -0.397440910 0.424681395
1403636721913555456.000000 -13.962636948 -1.369025946 46.175476074 -0.572357357 -0.577708662 -0.401973844 0.420804948
1403636722263555584.000000 -13.959562302 -1.487035990 46.163749695 -0.568384290 -0.582803428 -0.402889580 0.418281555
1403636723763555584.000000 -14.071280479 -2.036798477 46.182201385 -0.595703483 -0.544667065 -0.431897491 0.402417541
1403636724663555584.000000 -14.183597565 -2.364428043 46.156078339 -0.657545090 -0.482339382 -0.464166313 0.345735371
1403636725363555584.000000 -14.288055420 -2.543975830 46.388092041 -0.665158153 -0.478325516 -0.454817444 0.349156857
1403636725863555584.000000 -14.333566666 -2.656350136 46.486968994 -0.663113713 -0.481094539 -0.457904518 0.345183671
1403636727613555456.000000 -14.392348289 -3.002675056 46.766201019 -0.641234219 -0.497113019 -0.463085324 0.356720120
1403636728063555584.000000 -14.468656540 -3.120747328 46.926628113 -0.640376985 -0.502089381 -0.465221405 0.348414600
1403636728263555584.000000 -14.523517609 -3.173864841 46.975669861 -0.641999125 -0.496062845 -0.463757932 0.355931878
1403636728913555456.000000 -14.714950562 -3.372082472 47.030136108 -0.623053074 -0.520167589 -0.448521465 0.374244601
1403636729213555456.000000 -14.801177025 -3.480439425 47.055290222 -0.606674731 -0.536860645 -0.441605031 0.385631204
1403636729513555456.000000 -14.899612427 -3.604595661 47.051994324 -0.604395509 -0.539652526 -0.437232763 0.390267521
1403636729813555456.000000 -15.003829002 -3.742804289 47.089504242 -0.608015478 -0.540591955 -0.432536155 0.388574392
1403636730113555456.000000 -15.111331940 -3.884344578 47.105075836 -0.612899303 -0.543398857 -0.425950438 0.384237528
1403636730413555456.000000 -15.219449997 -4.018911839 47.083511353 -0.613823235 -0.544415534 -0.423060060 0.384516507
1403636730713555456.000000 -15.321464539 -4.128209591 47.085617065 -0.621047318 -0.551003933 -0.411009103 0.376518726
1403636731663555584.000000 -15.510331154 -4.252521992 47.163665771 -0.619467616 -0.531327248 -0.418281645 0.398737788
1403636731963555584.000000 -15.514851570 -4.286494255 47.110340118 -0.614728451 -0.536128700 -0.424347222 0.393197685
1403636732263555584.000000 -15.509108543 -4.323660374 47.031147003 -0.609988391 -0.537530780 -0.428801507 0.393832594
1403636732813555456.000000 -15.529289246 -4.452164173 47.014476776 -0.592351079 -0.540277123 -0.449607015 0.393794805
1403636733413555456.000000 -15.678153038 -4.710249424 47.086830139 -0.601660967 -0.547881186 -0.431790143 0.389085621
1403636733713555456.000000 -15.777144432 -4.851529598 47.160373688 -0.606852293 -0.550087452 -0.423171431 0.387375772
1403636736413555456.000000 -16.628646851 -5.683658123 47.517978668 -0.587050200 -0.567323983 -0.410740703 0.405965209
1403636738313555456.000000 -17.165178299 -5.930008411 47.684078217 -0.578704536 -0.583038032 -0.387071908 0.418740034
1403636738613555456.000000 -17.190969467 -5.934675217 47.726161957 -0.592703879 -0.573384166 -0.390823156 0.408888906
1403636739113555456.000000 -17.165161133 -5.922881126 47.672992706 -0.658998966 -0.483832985 -0.435267627 0.377051950
1403636740213555456.000000 -16.925828934 -5.951372623 47.470714569 -0.718972087 -0.390201002 -0.504637539 0.275977135
1403636740463555584.000000 -16.882753372 -5.952493668 47.389373779 -0.716925561 -0.390919745 -0.502206504 0.284584105
1403636740763555584.000000 -16.838527679 -5.959040642 47.301433563 -0.717333496 -0.393855721 -0.495871812 0.290553838
1403636741263555584.000000 -16.770359039 -5.998642445 47.130928040 -0.712014139 -0.388275802 -0.513488233 0.280370533
1403636742163555584.000000 -16.702558517 -6.074752808 46.830913544 -0.728895903 -0.394846022 -0.493612587 0.262971550
1403636742813555456.000000 -16.638416290 -6.019232273 46.757926941 -0.714607418 -0.391444951 -0.502344489 0.289408356
1403636743163555584.000000 -16.601980209 -5.996192932 46.642028809 -0.734035492 -0.387607694 -0.484382331 0.276271671
1403636743463555584.000000 -16.545829773 -5.956696987 46.567375183 -0.748260558 -0.383526683 -0.472080708 0.264864504
1403636744063555584.000000 -16.343574524 -5.770767689 46.384857178 -0.731256425 -0.361462921 -0.514867842 0.263666034
1403636746613555456.000000 -15.908218384 -5.427968025 45.686195374 -0.742776036 -0.334299266 -0.528211355 0.239834473
1403636746863555584.000000 -15.975599289 -5.405402184 45.675739288 -0.763232946 -0.334296882 -0.491953790 0.252393633
1403636747163555584.000000 -16.005138397 -5.361235619 45.691066742 -0.748934031 -0.340427667 -0.509595215 0.252030998
1403636747413555456.000000 -16.008424759 -5.308020115 45.755836487 -0.741259813 -0.343636841 -0.522679090 0.243421808
1403636747713555456.000000 -16.025150299 -5.232461452 45.821178436 -0.746797919 -0.338034153 -0.520277202 0.239452302
1403636748013555456.000000 -16.050922394 -5.141129494 45.930171967 -0.753919125 -0.317532212 -0.515224159 0.255584478
1403636748863555584.000000 -16.044364929 -4.930660248 46.145816803 -0.754204452 -0.312467963 -0.519996762 0.251282096
1403636749813555456.000000 -15.937917709 -4.867541790 46.363967896 -0.744048536 -0.316715479 -0.541852713 0.229082510
1403636750113555456.000000 -15.941801071 -4.872281551 46.389247894 -0.736634731 -0.317462832 -0.545807719 0.242240697
1403636750713555456.000000 -16.028636932 -4.928257465 46.563377380 -0.739923477 -0.337043345 -0.527911901 0.245406210
1403636750963555584.000000 -16.076629639 -4.955468655 46.710491180 -0.740309536 -0.344095767 -0.524605215 0.241514832
1403636751513555456.000000 -16.202804565 -4.983936787 46.983043671 -0.752107084 -0.331000805 -0.511550307 0.251176894
1403636751863555584.000000 -16.249534607 -4.991893768 47.117240906 -0.754812360 -0.342345834 -0.494462460 0.261848450
1403636752213555456.000000 -16.241441727 -4.995859623 47.237106323 -0.741743565 -0.359096766 -0.505754948 0.255103707
1403636752513555456.000000 -16.225332260 -4.981589317 47.355701447 -0.715654433 -0.386638314 -0.506879628 0.285346568
1403636752813555456.000000 -16.216362000 -4.974319458 47.459743500 -0.689621210 -0.438667983 -0.483642042 0.313182831
1403636753163555584.000000 -16.221324921 -4.970538616 47.502090454 -0.642900288 -0.506874561 -0.460421950 0.343174994
1403636754213555456.000000 -16.430974960 -4.965270042 47.501686096 -0.593588054 -0.546296418 -0.438642412 0.395987898
1403636754563555584.000000 -16.548164368 -5.012927055 47.563735962 -0.588982999 -0.553157628 -0.437792748 0.394275516
1403636754913555456.000000 -16.706094742 -5.092032433 47.583301544 -0.561210513 -0.583685338 -0.414958090 0.414926529
1403636755013555456.000000 -16.754829407 -5.119772434 47.579635620 -0.554899752 -0.590424657 -0.410373598 0.418423951
1403636755213555456.000000 -16.857072830 -5.186467648 47.575351715 -0.549771965 -0.595994771 -0.403004885 0.424414992
1403636755663555584.000000 -17.104631424 -5.344229698 47.629341125 -0.557850599 -0.604879618 -0.391664118 0.411731184
1403636755963555584.000000 -17.284235001 -5.432896137 47.630992889 -0.557513773 -0.596624672 -0.395990342 0.420010924
1403636756263555584.000000 -17.469749451 -5.514495850 47.656246185 -0.555071533 -0.594436526 -0.398967057 0.423516333
1403636756563555584.000000 -17.659282684 -5.600432873 47.678676605 -0.552393377 -0.595395207 -0.399232715 0.425416619
1403636756863555584.000000 -17.849845886 -5.701287270 47.682456970 -0.550008655 -0.594896376 -0.398547053 0.429824531
1403636757213555456.000000 -18.066593170 -5.849483490 47.717952728 -0.550229430 -0.595295131 -0.395606577 0.431702167
1403636757463555584.000000 -18.219673157 -5.969137669 47.709514618 -0.549085200 -0.601160526 -0.395889670 0.424715132
1403636757763555584.000000 -18.415336609 -6.114077568 47.717536926 -0.547957063 -0.625252366 -0.371487498 0.413279206
1403636758013555456.000000 -18.590133667 -6.199435234 47.782550812 -0.540628791 -0.627974153 -0.364918172 0.424504161
1403636758263555584.000000 -18.764787674 -6.260323048 47.840583801 -0.529840529 -0.617345333 -0.374028474 0.445259988
1403636758563555584.000000 -18.964530945 -6.341497898 47.842845917 -0.553398490 -0.623744547 -0.339146048 0.435514450
1403636758813555456.000000 -19.104505539 -6.372175217 47.831077576 -0.550505996 -0.616534650 -0.346521080 0.443566531
1403636759063555584.000000 -19.215108871 -6.378415108 47.807018280 -0.536677539 -0.611522436 -0.367251217 0.450715214
1403636759563555584.000000 -19.334041595 -6.405160427 47.694717407 -0.534625232 -0.609321535 -0.366627246 0.456604362
1403636759813555456.000000 -19.343971252 -6.433388710 47.653903961 -0.527215242 -0.615287781 -0.374507219 0.450787634
1403636760063555584.000000 -19.350818634 -6.469972610 47.635608673 -0.536686301 -0.622818470 -0.361779302 0.439523339
1403636760313555456.000000 -19.357381821 -6.497449875 47.608516693 -0.534020305 -0.617100179 -0.366799146 0.446618468
1403636760563555584.000000 -19.358951569 -6.523194790 47.569477081 -0.529622078 -0.619206309 -0.372724652 0.444027513
1403636760763555584.000000 -19.361965179 -6.549026012 47.538318634 -0.530797064 -0.628123283 -0.369681776 0.432493955
1403636761013555456.000000 -19.377313614 -6.577414989 47.506401062 -0.526744485 -0.627499580 -0.373457789 0.435102165
1403636761213555456.000000 -19.400417328 -6.598154545 47.477924347 -0.538218319 -0.636765361 -0.355522513 0.422438890
1403636761363555584.000000 -19.422523499 -6.601985931 47.464054108 -0.539703906 -0.637587190 -0.352995664 0.421421915
1403636761563555584.000000 -19.455833435 -6.590618610 47.461872101 -0.529442370 -0.625004828 -0.369322568 0.438931257
1403636761763555584.000000 -19.489967346 -6.579004288 47.466190338 -0.534525216 -0.613009751 -0.363832831 0.454012662
1403636761963555584.000000 -19.511314392 -6.570895195 47.477016449 -0.536983848 -0.611596048 -0.361464173 0.454909235
1403636762213555456.000000 -19.524580002 -6.566533089 47.497985840 -0.520997226 -0.629835844 -0.386822641 0.426892340
1403636762413555456.000000 -19.552629471 -6.565052986 47.498069763 -0.537125647 -0.635699511 -0.365214229 0.417134136
1403636762613555456.000000 -19.592357635 -6.547357559 47.469711304 -0.553073525 -0.608831227 -0.342378944 0.454104453
1403636762813555456.000000 -19.612327576 -6.519626141 47.412368774 -0.541317880 -0.608118892 -0.358715206 0.456606865
1403636762963555584.000000 -19.599174500 -6.530772686 47.408336639 -0.534323335 -0.604053497 -0.376329422 0.456063747
1403636763163555584.000000 -19.574914932 -6.553431988 47.399738312 -0.559602678 -0.568078339 -0.390364647 0.460160196
1403636763363555584.000000 -19.573152542 -6.555098534 47.386180878 -0.568938076 -0.570270598 -0.380739897 0.454024374
1403636763463555584.000000 -19.573055267 -6.557864189 47.382022858 -0.569647491 -0.570479631 -0.380051196 0.453448921
1403636763563555584.000000 -19.573070526 -6.561434269 47.378177643 -0.569815755 -0.570338786 -0.379825085 0.453604072
1403636763663555584.000000 -19.572765350 -6.565555096 47.374591827 -0.569796979 -0.570272207 -0.379816502 0.453718573
1403636763813555456.000000 -19.572151184 -6.572116375 47.369621277 0.570158303 0.569984317 0.379417717 -0.453959882
