1403636626163555584.000000 15.012597084 -8.996770859 0.777645051 -0.555563033 -0.593203902 -0.381044328 0.440754086
1403636626213555456.000000 15.010827065 -8.990199089 0.797038615 -0.557041287 -0.591214359 -0.378546000 0.443704486
1403636627463555584.000000 15.105175018 -9.005723953 0.859635651 -0.546262026 -0.603302181 -0.382510990 0.437389731
1403636627713555456.000000 15.133952141 -9.026698112 0.887668431 -0.562966824 -0.596955121 -0.382907122 0.424376041
1403636627963555584.000000 15.167894363 -9.040615082 0.861351371 -0.587861538 -0.592464089 -0.383586973 0.395305157
1403636628213555456.000000 15.197120667 -9.016309738 0.884096324 -0.587252617 -0.573028922 -0.403238624 0.405180126
1403636628313555456.000000 15.207892418 -9.002325058 0.905372739 -0.587621510 -0.563934684 -0.405670196 0.414862007
1403636629513555456.000000 15.502437592 -8.884009361 1.001961827 -0.628809690 -0.524913669 -0.422979236 0.387495458
1403636629613555456.000000 15.537176132 -8.869669914 0.991974294 -0.639311910 -0.515601397 -0.425958067 0.379467189
1403636629813555456.000000 15.617606163 -8.839674950 0.954381764 -0.665937424 -0.498218417 -0.433188468 0.347352087
1403636630013555456.000000 15.706083298 -8.799118996 0.912615061 -0.686269581 -0.474792540 -0.445112675 0.324778229
1403636630063555584.000000 15.728099823 -8.788091660 0.906501830 -0.688352168 -0.470080197 -0.448617518 0.322394729
1403636632813555456.000000 16.711324692 -7.814630508 0.812892914 -0.670162976 -0.491380066 -0.433289289 0.348837763
1403636633763555584.000000 16.930248260 -7.342345238 0.729016840 -0.627450645 -0.543456674 -0.411994129 0.375794441
1403636633913555456.000000 16.969581604 -7.250252724 0.725549459 -0.631233633 -0.537036657 -0.411960453 0.378714114
1403636634963555584.000000 17.336927414 -6.538974762 0.742600441 -0.601781428 -0.558271348 -0.418274909 0.388893753
1403636635063555584.000000 17.366159439 -6.474002361 0.751915634 -0.598759115 -0.563189983 -0.415952623 0.388957709
1403636635163555584.000000 17.393924713 -6.409396172 0.756528735 -0.597492874 -0.566602468 -0.413156509 0.388928950
1403636635563555584.000000 17.497087479 -6.140473366 0.753262579 -0.603956461 -0.565578282 -0.397556186 0.396619469
1403636635863555584.000000 17.587074280 -5.926915169 0.801725805 -0.605049193 -0.553335309 -0.399638712 0.409907877
1403636635963555584.000000 17.623758316 -5.853515625 0.829833627 -0.609419584 -0.552527368 -0.394558430 0.409444809
1403636636063555584.000000 17.664752960 -5.779535294 0.856990218 -0.611132085 -0.558714867 -0.393186152 0.399699867
1403636636163555584.000000 17.708398819 -5.703745842 0.882094681 -0.608073890 -0.563119471 -0.397990674 0.393377900
1403636636563555584.000000 17.881843567 -5.404657841 1.011014581 -0.581509769 -0.554990649 -0.435208261 0.405494362
1403636636813555456.000000 17.969396591 -5.257131100 1.042381883 -0.572538376 -0.565246761 -0.447141260 0.390846044
1403636636963555584.000000 18.001756668 -5.185276508 1.035792470 -0.576227248 -0.566988647 -0.440291673 0.390678108
1403636637163555584.000000 18.026283264 -5.103631496 1.008324146 -0.588009477 -0.563421965 -0.420504451 0.399970651
1403636637563555584.000000 18.059133530 -4.935164928 0.992124557 -0.593847394 -0.571655214 -0.406588107 0.394007355
1403636637963555584.000000 18.082078934 -4.748862267 1.082837343 -0.588564217 -0.569716394 -0.409826517 0.401319951
1403636638113555456.000000 18.089563370 -4.674751759 1.097041249 -0.586033046 -0.567749739 -0.412449926 0.405105561
1403636638363555584.000000 18.100311279 -4.559930325 1.069429755 -0.590263724 -0.567794621 -0.404925108 0.406489611
1403636638613555456.000000 18.119459152 -4.448606014 1.018296123 -0.610051692 -0.575695574 -0.375058234 0.394642770
1403636638713555456.000000 18.134376526 -4.395008087 1.014346957 -0.604350626 -0.578363001 -0.383049726 0.391828448
1403636638813555456.000000 18.151634216 -4.336439133 1.020392418 -0.598180890 -0.576858044 -0.391526729 0.395121813
1403636640413555456.000000 18.623258591 -3.311806202 0.919220865 -0.562695324 -0.587302983 -0.402106673 0.420427710
1403636640663555584.000000 18.688140869 -3.189424038 0.907390952 -0.557878077 -0.592231691 -0.398982942 0.422902316
1403636641713555456.000000 18.895275116 -2.806121111 0.815014660 -0.561334133 -0.590307236 -0.396314323 0.423528463
1403636642013555456.000000 18.949773788 -2.734327555 0.843037724 -0.565103292 -0.584512413 -0.402160466 0.421035200
1403636642513555456.000000 19.033824921 -2.642848969 0.871618211 -0.588494122 -0.558081686 -0.420384586 0.406812459
1403636643513555456.000000 19.185178757 -2.508164883 0.824170649 -0.606114149 -0.559108138 -0.406182170 0.393751085
1403636643813555456.000000 19.247003555 -2.433278561 0.870626688 -0.609745204 -0.569886863 -0.396299362 0.382604957
1403636644263555584.000000 19.349454880 -2.242202520 0.899677217 -0.609868646 -0.566186547 -0.395671040 0.388506711
1403636644413555456.000000 19.386671066 -2.155822039 0.884253621 -0.607607603 -0.549960375 -0.399878472 0.410431325
1403636644613555456.000000 19.451507568 -2.042911768 0.837165833 -0.606789410 -0.538110256 -0.400812417 0.426137865
1403636645713555456.000000 19.930301666 -1.446595907 0.567961931 -0.611164927 -0.565593600 -0.403677642 0.378979921
1403636645863555584.000000 19.993055344 -1.319455028 0.556298196 -0.611913085 -0.564435542 -0.402509272 0.380737692
1403636646013555456.000000 20.056043625 -1.185476065 0.573180497 -0.613002658 -0.556187510 -0.406772017 0.386548400
1403636646313555456.000000 20.200042725 -0.917738676 0.625668585 -0.642874122 -0.502996266 -0.432055533 0.383452237
1403636646613555456.000000 20.371854782 -0.684943914 0.642900646 -0.664794266 -0.453962624 -0.475964010 0.354153603
1403636647063555584.000000 20.619186401 -0.421549499 0.743092418 -0.679932535 -0.443152398 -0.481895506 0.330279410
1403636647363555584.000000 20.771249771 -0.279702306 0.779191554 -0.682532549 -0.446115315 -0.475488901 0.330213398
1403636647513555456.000000 20.845359802 -0.215286881 0.782065928 -0.679079592 -0.443997264 -0.476997614 0.337921202
1403636647963555584.000000 21.082878113 -0.076497570 0.805502474 -0.684373796 -0.432207942 -0.484964281 0.331117064
1403636648263555584.000000 21.249118805 -0.037295312 0.766504526 -0.713793278 -0.384096950 -0.505537212 0.295636356
1403636648413555456.000000 21.331094742 -0.031617455 0.731322408 -0.729680121 -0.353405505 -0.517511308 0.273593813
1403636649613555456.000000 21.915670395 -0.085927948 0.861776531 -0.755075991 -0.302330881 -0.536213696 0.225679517
1403636649763555584.000000 21.978071213 -0.097599536 0.930317223 -0.754517674 -0.291498035 -0.542624533 0.226474479
1403636650113555456.000000 22.103618622 -0.147886351 1.017925620 -0.757842422 -0.274176925 -0.552952409 0.211531490
1403636650563555584.000000 22.212322235 -0.277452946 0.990502417 -0.791651428 -0.194871306 -0.559541881 0.149084225
1403636651163555584.000000 22.292434692 -0.466243088 0.963551819 -0.793017805 -0.158109069 -0.575483859 0.122240484
1403636651813555456.000000 22.299774170 -0.672645509 1.019570351 -0.790653825 -0.160624176 -0.574148953 0.139353812
1403636652163555584.000000 22.273859024 -0.834417999 0.979044974 -0.802308679 -0.098919362 -0.580775678 0.095997222
1403636652763555584.000000 22.183237076 -1.180985451 0.863591015 0.836721003 -0.015625918 0.547406554 -0.000117855
1403636653113555456.000000 22.206954956 -1.369479895 0.892289817 0.828394473 -0.013462002 0.559967220 0.004256375
1403636653363555584.000000 22.251457214 -1.494717598 0.875278831 0.814405203 -0.002654503 0.580289602 0.001092697
1403636653663555584.000000 22.291454315 -1.628945112 0.904956281 -0.811914206 -0.007422895 -0.583691537 0.006668582
1403636653863555584.000000 22.304721832 -1.710718155 0.922062695 -0.807137609 -0.010891856 -0.590210021 0.007904526
1403636654613555456.000000 22.236335754 -2.002274036 0.935102284 0.814027369 -0.054391034 0.577234566 0.034660932
1403636655063555584.000000 22.159317017 -2.159972668 0.956318021 0.807715595 -0.090323828 0.579553425 0.059623953
1403636655363555584.000000 22.097908020 -2.252503157 0.923167467 0.797596991 -0.102504745 0.591090560 0.062799767
1403636655913555456.000000 21.877861023 -2.419195890 0.851866961 0.804875731 -0.174737647 0.559251845 0.094229616
1403636656363555584.000000 21.683414459 -2.596901417 0.790172994 0.798487186 -0.214402720 0.547687471 0.128406718
1403636656563555584.000000 21.609716415 -2.688690662 0.821839750 0.799139202 -0.213028610 0.546596825 0.131253034
1403636656663555584.000000 21.576828003 -2.736727953 0.838253558 0.796091676 -0.209876493 0.551956952 0.132414207
1403636656763555584.000000 21.545000076 -2.785751104 0.850707650 0.787839711 -0.205868587 0.564931095 0.133340284
1403636657063555584.000000 21.438426971 -2.926414728 0.843452036 0.779637158 -0.197095454 0.579390705 0.132762015
1403636657363555584.000000 21.293851852 -3.048653603 0.813111186 0.783982277 -0.201865554 0.574567139 0.120393768
1403636657663555584.000000 21.122602463 -3.178107262 0.785866201 0.794989347 -0.208489507 0.558421850 0.112646207
1403636657863555584.000000 21.008396149 -3.279129982 0.750605762 0.793353736 -0.217187554 0.557931781 0.110143848
1403636658063555584.000000 20.892898560 -3.397579908 0.722095847 0.796186805 -0.224053279 0.551285326 0.109412342
1403636658263555584.000000 20.775592804 -3.535073519 0.719800234 0.798236609 -0.215043798 0.547661841 0.129000217
1403636658463555584.000000 20.667219162 -3.678344727 0.705498934 0.800529599 -0.211199582 0.543444693 0.138618156
1403636658563555584.000000 20.617887497 -3.749821186 0.694066823 0.801605821 -0.206951052 0.541653693 0.145639122
1403636658663555584.000000 20.572685242 -3.819453716 0.680252850 0.801945865 -0.203993753 0.540956259 0.150451854
1403636658763555584.000000 20.531682968 -3.886081457 0.663933456 0.800584495 -0.201148465 0.542784095 0.154884607
1403636658963555584.000000 20.462425232 -4.007177830 0.624196827 0.792651772 -0.200010628 0.553906918 0.157753319
1403636659263555584.000000 20.369255066 -4.155292034 0.540813982 0.783709109 -0.204449639 0.566768706 0.150908887
1403636659363555584.000000 20.335592270 -4.195384026 0.514945269 0.787074745 -0.205302328 0.562093198 0.149718344
1403636659463555584.000000 20.302232742 -4.232593060 0.494745523 0.792907834 -0.205516323 0.553964794 0.148940578
1403636659563555584.000000 20.270431519 -4.267887115 0.482302040 0.794039726 -0.206350550 0.552111387 0.148638695
1403636659663555584.000000 20.240036011 -4.301021099 0.469124794 0.792129099 -0.205796599 0.554364622 0.151192531
1403636659963555584.000000 20.155252457 -4.381480217 0.395812541 0.792142630 -0.209242478 0.552169204 0.154391974
1403636660063555584.000000 20.128915787 -4.401709080 0.361023515 0.796790600 -0.211910695 0.544754267 0.153170988
1403636660163555584.000000 20.104726791 -4.420001030 0.323393971 0.800656736 -0.213372022 0.538540244 0.152956307
1403636660363555584.000000 20.069280624 -4.454349995 0.247731403 0.809017420 -0.215601966 0.525430381 0.151425436
1403636660763555584.000000 20.084640503 -4.522360802 0.141914129 0.796436787 -0.204896584 0.544669747 0.164440587
1403636660863555584.000000 20.101095200 -4.534564495 0.106046453 0.792310178 -0.197678506 0.550499916 0.173544437
1403636661163555584.000000 20.159461975 -4.532358646 -0.028813304 0.785808504 -0.203514993 0.560433805 0.164318919
1403636661463555584.000000 20.211404800 -4.484405994 -0.142793149 0.783397794 -0.207165271 0.564062774 0.158756971
1403636661663555584.000000 20.236330032 -4.434259892 -0.181663707 0.784900308 -0.210315183 0.562537432 0.152481914
1403636662313555456.000000 20.240182877 -4.249492168 -0.139848068 0.784890890 -0.206971526 0.563275337 0.154370129
1403636662763555584.000000 20.200561523 -4.091410160 -0.170160845 0.790889561 -0.228494495 0.552152991 0.131951466
1403636663063555584.000000 20.181549072 -4.009993076 -0.231875896 0.796088874 -0.239449933 0.542627335 0.120256908
1403636663463555584.000000 20.172403336 -3.992854357 -0.295609474 0.811657310 -0.219099790 0.519917309 0.151307181
1403636663813555456.000000 20.247549057 -4.008027554 -0.397152901 0.817241311 -0.203601748 0.511751235 0.169627935
1403636663963555584.000000 20.318817139 -4.010014057 -0.423269451 0.811151445 -0.190204650 0.522113502 0.182354227
1403636664213555456.000000 20.480653763 -3.975135088 -0.432497621 0.797901034 -0.187066942 0.545516789 0.175417766
1403636664363555584.000000 20.589374542 -3.932948828 -0.442642391 0.791883171 -0.188941672 0.556959867 0.164370880
1403636664713555456.000000 20.832429886 -3.790678501 -0.541561246 0.787694514 -0.189979061 0.569435537 0.138522863
1403636664863555584.000000 20.926441193 -3.718547344 -0.565619946 0.792445540 -0.182300627 0.564945877 0.140117094
1403636664963555584.000000 20.987680435 -3.667859554 -0.573265970 0.794901133 -0.181204990 0.562688649 0.136669263
1403636665413555456.000000 21.253103256 -3.429647923 -0.538008273 0.797421753 -0.187094331 0.561358154 0.118284807
1403636665663555584.000000 21.394025803 -3.308559656 -0.501574636 0.802821815 -0.175773844 0.552322745 0.139714971
1403636667013555456.000000 21.988281250 -2.612524271 -0.405102074 0.811047375 -0.202235281 0.540114999 0.097872034
1403636667763555584.000000 22.256937027 -2.368093967 -0.454387099 0.806426287 -0.187254816 0.549570858 0.112179294
1403636667913555456.000000 22.311248779 -2.322761297 -0.447273850 0.804523289 -0.189854100 0.551785886 0.110589445
1403636668213555456.000000 22.423748016 -2.247954607 -0.463801235 0.805391192 -0.187141463 0.548604667 0.123919740
1403636669113555456.000000 22.867185593 -1.992143035 -0.620808959 0.790099025 -0.186903104 0.564150810 0.150148496
1403636669263555584.000000 22.943679810 -1.919555664 -0.623829007 0.787617147 -0.190462172 0.567230582 0.147081152
1403636669513555456.000000 23.060029984 -1.783133864 -0.655238748 0.783908486 -0.190711677 0.572201014 0.147317946
1403636669813555456.000000 23.170433044 -1.590903521 -0.697617412 0.769831359 -0.190845937 0.592447042 0.141222954
1403636669963555584.000000 23.202264786 -1.483552814 -0.700926542 0.771008074 -0.213278323 0.590810120 0.104891859
1403636670113555456.000000 23.211946487 -1.387231469 -0.690015137 0.775809824 -0.221540332 0.584085941 0.088784389
1403636670363555584.000000 23.182807922 -1.270677924 -0.660308421 0.764827847 -0.224779472 0.601206064 0.055352643
1403636670563555584.000000 23.106746674 -1.229582071 -0.649501979 0.771449745 -0.209983706 0.600037932 0.026957976
1403636670963555584.000000 22.819339752 -1.344767928 -0.572215378 0.780274093 -0.139267519 0.607944369 -0.046697203
1403636671563555584.000000 22.106391907 -2.056478739 -0.349307954 -0.826107264 -0.050021097 -0.559180439 0.048600458
1403636672563555584.000000 21.457544327 -3.168720245 -0.031465217 -0.824787259 -0.099277094 -0.556618154 0.006795194
1403636672713555456.000000 21.447359085 -3.241131067 -0.041219488 -0.813715577 -0.082968771 -0.574541450 0.029753976
1403636672863555584.000000 21.434907913 -3.299676657 -0.084316954 -0.821649849 -0.081427202 -0.562604904 0.041674387
1403636673663555584.000000 21.502471924 -3.370546818 -0.116424933 -0.824567258 -0.152126938 -0.539612532 0.075925052
1403636674363555584.000000 21.729700089 -3.102414131 -0.154868484 -0.808608234 -0.140177473 -0.562442422 0.100804769
1403636677163555584.000000 22.970331192 -1.322340727 -0.615521967 -0.719848394 -0.395382881 -0.502007365 0.271070749
1403636679513555456.000000 23.131969452 -0.190846875 -0.619285762 -0.457584441 -0.667724013 -0.326018035 0.488337427
1403636679863555584.000000 23.089843750 -0.146762311 -0.552735567 -0.424670368 -0.689126134 -0.307117999 0.500438750
1403636680163555584.000000 23.064331055 -0.141408205 -0.436049193 -0.401571482 -0.697441399 -0.336873174 0.488704801
1403636680363555584.000000 23.031209946 -0.173535392 -0.373144209 -0.399449974 -0.697649479 -0.345390946 0.484179765
1403636680563555584.000000 22.974718094 -0.236030430 -0.336746037 -0.403284699 -0.703180134 -0.349023044 0.470193595
1403636680963555584.000000 22.773069382 -0.428427041 -0.322165400 -0.445642591 -0.690303624 -0.301254451 0.483869195
1403636681563555584.000000 22.431909561 -0.675064802 -0.350896150 -0.433379322 -0.687283278 -0.314180791 0.491034091
1403636682413555456.000000 21.926683426 -1.067056775 -0.296921760 -0.436697394 -0.697901726 -0.296695888 0.483942240
1403636682813555456.000000 21.694599152 -1.253261447 -0.294710070 -0.431168735 -0.684288621 -0.314549983 0.496891201
1403636682963555584.000000 21.609365463 -1.327910066 -0.282171965 -0.428650200 -0.684846699 -0.321788877 0.493655682
1403636683363555584.000000 21.375797272 -1.558906913 -0.267864823 -0.430903971 -0.686236501 -0.314270765 0.494606078
1403636683713555456.000000 21.173608780 -1.780983925 -0.313707352 -0.431802273 -0.690725446 -0.305657893 0.492969096
1403636684113555456.000000 20.954927444 -2.025078297 -0.320081145 -0.429701596 -0.693909109 -0.299098700 0.494354904
1403636684263555584.000000 20.876321793 -2.110550165 -0.292383552 -0.426770151 -0.692988932 -0.298541576 0.498504370
1403636685813555456.000000 20.284393311 -3.096906424 -0.288471609 -0.425554603 -0.694178879 -0.312729865 0.489100277
1403636686063555584.000000 20.184320450 -3.270972013 -0.328874499 -0.430592597 -0.693795741 -0.304347634 0.490520149
1403636689013555456.000000 19.301916122 -4.767614365 -0.675909162 -0.412871867 -0.707639277 -0.295135796 0.491608053
1403636689163555584.000000 19.246955872 -4.838096142 -0.689696670 -0.411359817 -0.711320937 -0.281932145 0.495297909
1403636689313555456.000000 19.191167831 -4.904214859 -0.686536014 -0.408269465 -0.715695441 -0.273761034 0.496136099
1403636689513555456.000000 19.115079880 -4.978938103 -0.653119266 -0.404059827 -0.718159437 -0.269696027 0.498243600
1403636689713555456.000000 19.042125702 -5.045333862 -0.600578427 -0.410443604 -0.721283913 -0.257474840 0.494967014
1403636689863555584.000000 18.987791061 -5.081100941 -0.569966018 -0.420022249 -0.719306827 -0.245935798 0.495675921
1403636690013555456.000000 18.936807632 -5.098474503 -0.546528697 -0.425211996 -0.711967945 -0.242207929 0.503618777
1403636690513555456.000000 18.800441742 -5.038389206 -0.472195536 -0.417572945 -0.716173708 -0.260913581 0.494623363
1403636690663555584.000000 18.760107040 -4.994513035 -0.452823967 -0.424557984 -0.709160328 -0.251274139 0.503689766
1403636690813555456.000000 18.726737976 -4.939733505 -0.456516743 -0.434424490 -0.694419384 -0.236655265 0.522543132
1403636691013555456.000000 18.713665009 -4.848608017 -0.490217984 -0.431705087 -0.672942638 -0.238481641 0.551276267
1403636691163555584.000000 18.741823196 -4.773928642 -0.499718755 -0.420646280 -0.664263904 -0.251103848 0.564585686
1403636691313555456.000000 18.808242798 -4.707947254 -0.491377115 -0.400077373 -0.671832323 -0.278795391 0.557541668
1403636691463555584.000000 18.898792267 -4.659688473 -0.471612424 -0.395939142 -0.688702464 -0.280508071 0.538735867
1403636691663555584.000000 19.034437180 -4.608497620 -0.414276958 -0.395902365 -0.704529703 -0.273716778 0.521515548
1403636691813555456.000000 19.140419006 -4.574129105 -0.366474926 -0.389970809 -0.712548792 -0.279886395 0.511723280
1403636692013555456.000000 19.278121948 -4.536722660 -0.323809206 -0.391783118 -0.705566466 -0.276580185 0.521713912
1403636692213555456.000000 19.417074203 -4.505320072 -0.282704353 -0.389436275 -0.708776057 -0.281951636 0.516216338
1403636692713555456.000000 19.752819061 -4.471975803 -0.067249089 -0.393521756 -0.713180721 -0.285072714 0.505220294
1403636693113555456.000000 19.959548950 -4.473270893 0.102583706 -0.389734536 -0.723868310 -0.292799026 0.488252580
1403636693513555456.000000 20.070512772 -4.481917381 0.186858058 -0.407782406 -0.730028450 -0.261825383 0.481891513
1403636693713555456.000000 20.103691101 -4.463430405 0.207958281 -0.411455899 -0.735817671 -0.254123956 0.474022716
1403636693963555584.000000 20.120708466 -4.402036190 0.226483852 -0.399442643 -0.720234394 -0.269562185 0.499043345
1403636695063555584.000000 20.160808563 -4.124278545 0.230718553 -0.407055110 -0.708526194 -0.263066471 0.512925744
1403636695713555456.000000 20.226448059 -3.965585709 0.258501768 -0.398556322 -0.709962428 -0.290406674 0.502762675
1403636695963555584.000000 20.242103577 -3.919360638 0.246468902 -0.404549360 -0.709303916 -0.285334438 0.501808822
1403636696463555584.000000 20.246393204 -3.838481426 0.174862802 -0.402781129 -0.699851692 -0.293977559 0.511421680
1403636697463555584.000000 20.204568863 -3.902209044 0.168048248 -0.402788639 -0.710285842 -0.300105631 0.493145108
1403636698163555584.000000 20.000457764 -4.106037617 0.270359397 -0.476383537 -0.665750206 -0.336763352 0.465215862
1403636699713555456.000000 19.444517136 -4.467650414 0.117001586 -0.715080857 -0.414186388 -0.460837841 0.323631763
1403636700013555456.000000 19.422771454 -4.507647514 0.088371173 -0.724854469 -0.385531753 -0.487659991 0.296882212
1403636701213555456.000000 19.564470291 -4.764600277 -0.233511150 -0.754937828 -0.344292581 -0.501158476 0.245706499
1403636702163555584.000000 19.823036194 -4.897914410 -0.233857930 -0.763066947 -0.297314048 -0.527040780 0.227070823
1403636703513555456.000000 20.276950836 -4.920802593 -0.635435462 -0.776683748 -0.256006658 -0.540560782 0.197527394
1403636704263555584.000000 20.582056046 -4.905521393 -0.680253565 -0.779258192 -0.266572058 -0.530954599 0.199457362
1403636704563555584.000000 20.708988190 -4.899011135 -0.705351055 -0.783610582 -0.275951564 -0.523215950 0.189869121
1403636704813555456.000000 20.826959610 -4.872588158 -0.714129269 -0.789728403 -0.282508701 -0.512820542 0.183120355
1403636705063555584.000000 20.964584351 -4.813120365 -0.758267641 -0.794203818 -0.288955063 -0.503649712 0.179115415
1403636705413555456.000000 21.191488266 -4.665079594 -0.807119250 -0.773848653 -0.285649747 -0.532840252 0.188795492
1403636705713555456.000000 21.383069992 -4.503769398 -0.844274402 -0.780286968 -0.285757244 -0.524268270 0.186112881
1403636706013555456.000000 21.582059860 -4.316553593 -0.888359308 -0.773189545 -0.269855946 -0.533683121 0.211040363
1403636706263555584.000000 21.751552582 -4.175766468 -0.898735046 -0.768300593 -0.272137731 -0.538572431 0.213529661
1403636706513555456.000000 21.916446686 -4.052863121 -0.944207013 -0.767999649 -0.289532810 -0.537521303 0.193438038
1403636706763555584.000000 22.070371628 -3.922070265 -0.964322507 -0.773084104 -0.291257739 -0.530804217 0.189094737
1403636707013555456.000000 22.222036362 -3.772518873 -0.951859951 -0.776109993 -0.287379891 -0.529565334 0.186082691
1403636707263555584.000000 22.371566772 -3.605844021 -0.929992318 -0.775488257 -0.281047136 -0.535162389 0.182295755
1403636707763555584.000000 22.656383514 -3.219602823 -0.807270885 -0.785781324 -0.268194079 -0.523619235 0.190898940
1403636708263555584.000000 22.966463089 -2.809982777 -0.856587887 -0.774177969 -0.273490667 -0.534415662 0.200627521
1403636708513555456.000000 23.122798920 -2.620700836 -0.912514985 -0.774022341 -0.257366747 -0.532517076 0.226002723
1403636708763555584.000000 23.296436310 -2.464109898 -0.939330459 -0.766301394 -0.271384656 -0.545907319 0.202775329
1403636709263555584.000000 23.573150635 -2.188461781 -0.984150350 -0.764532089 -0.269495577 -0.557433844 0.179249555
1403636710013555456.000000 23.761386871 -1.725935221 -1.026384950 -0.770022035 -0.276933998 -0.546951413 0.176685676
1403636711013555456.000000 23.792228699 -1.039545536 -1.211356997 -0.733392060 -0.353677243 -0.525546551 0.246676549
1403636711363555584.000000 23.770034790 -0.852784753 -1.227586865 -0.719691396 -0.374258578 -0.524939716 0.257707357
1403636711813555456.000000 23.657159805 -0.652796328 -1.195908070 -0.709569573 -0.362219781 -0.543804467 0.263789028
1403636712063555584.000000 23.545581818 -0.580365360 -1.163086891 -0.728225768 -0.349464357 -0.520860076 0.276164442
1403636712313555456.000000 23.432760239 -0.534469962 -1.100367785 -0.718879998 -0.364850491 -0.523514211 0.275732905
1403636713063555584.000000 22.999942780 -0.535659432 -0.892503321 -0.690488160 -0.409204960 -0.513893187 0.302805573
1403636713213555456.000000 22.893966675 -0.569558144 -0.859140456 -0.692388713 -0.409273982 -0.509363055 0.306009978
1403636713663555584.000000 22.571983337 -0.707754731 -0.682534397 -0.705005586 -0.403063476 -0.494524300 0.309762537
1403636714163555584.000000 22.269466400 -0.913671494 -0.570048511 -0.710406125 -0.399764806 -0.496828645 0.297779381
1403636714663555584.000000 22.024007797 -1.152885914 -0.560133994 -0.716081500 -0.413924485 -0.475285321 0.299996108
1403636716163555584.000000 21.672258377 -1.563190818 -0.397354394 -0.640388429 -0.486677170 -0.466236681 0.368336022
1403636717013555456.000000 21.560092926 -1.929852128 -0.411098868 -0.621440232 -0.526841283 -0.436194986 0.382078767
1403636717313555456.000000 21.519182205 -2.066000938 -0.393134564 -0.587698996 -0.565886021 -0.420634627 0.396799147
1403636717613555456.000000 21.467634201 -2.204910278 -0.379404783 -0.574399114 -0.578480184 -0.421251833 0.397458553
1403636717913555456.000000 21.379096985 -2.343001604 -0.409566492 -0.565598011 -0.587455213 -0.418560356 0.399753153
1403636718513555456.000000 21.079452515 -2.624663830 -0.430956692 -0.517893732 -0.632145584 -0.357963473 0.451708078
1403636719013555456.000000 20.842071533 -2.834766865 -0.542260468 -0.488670290 -0.654672384 -0.341301769 0.464885592
1403636719313555456.000000 20.720607758 -2.949519873 -0.553108513 -0.482039422 -0.647108018 -0.349301070 0.476317167
1403636720263555584.000000 20.427160263 -3.392948627 -0.621873975 -0.505124390 -0.642608762 -0.342833787 0.462999374
1403636720563555584.000000 20.366149902 -3.513926744 -0.668050885 -0.504858077 -0.643239200 -0.338904679 0.465301394
1403636720863555584.000000 20.326074600 -3.621273994 -0.668726087 -0.509423673 -0.639924169 -0.343540072 0.461481184
1403636722063555584.000000 20.329799652 -4.002358913 -0.719862521 -0.569444656 -0.580520034 -0.408673882 0.414384931
1403636722513555456.000000 20.323108673 -4.160223007 -0.713303983 -0.573772490 -0.577449918 -0.404391736 0.416898191
1403636723063555584.000000 20.289419174 -4.361306190 -0.722464144 -0.580183983 -0.571766019 -0.408095062 0.412224144
1403636723663555584.000000 20.228672028 -4.579068184 -0.699524820 -0.588966072 -0.545148849 -0.434637040 0.408683866
1403636724813555456.000000 20.077320099 -4.993756771 -0.687839746 -0.663055897 -0.476620227 -0.465936512 0.340724647
1403636725313555456.000000 20.000082016 -5.113703728 -0.503160417 -0.667211175 -0.475862235 -0.454994023 0.348374486
1403636727763555584.000000 19.869337082 -5.607523918 -0.062359400 -0.644105017 -0.495935142 -0.462153703 0.354388148
1403636728263555584.000000 19.760681152 -5.738030434 0.098624855 -0.643519640 -0.494586945 -0.464547545 0.354206115
1403636728663555584.000000 19.639545441 -5.850616455 0.125576556 -0.649657667 -0.488500446 -0.450331509 0.369477779
1403636729013555456.000000 19.544692993 -5.963497639 0.162887275 -0.616918266 -0.525721371 -0.447234035 0.378167599
1403636729663555584.000000 19.335168839 -6.226609230 0.183927402 -0.607019603 -0.538755119 -0.436168015 0.388622820
1403636730013555456.000000 19.211143494 -6.389222622 0.222204879 -0.614025533 -0.540981233 -0.428254098 0.383288950
1403636730363555584.000000 19.084333420 -6.543972015 0.208050266 -0.615166426 -0.541835129 -0.424574107 0.384345829
1403636730663555584.000000 18.981420517 -6.659330845 0.197342113 -0.622138798 -0.548934400 -0.412963599 0.375600100
1403636731113555456.000000 18.846126556 -6.742971897 0.281133294 -0.628740191 -0.532187760 -0.404844224 0.396942288
1403636731913555456.000000 18.772178650 -6.833328247 0.234188378 -0.616602898 -0.534646988 -0.424889892 0.391691178
1403636732663555584.000000 18.775838852 -6.957904339 0.112963714 -0.590017378 -0.545034945 -0.457371712 0.381611943
1403636733063555584.000000 18.702693939 -7.097267628 0.141466901 -0.598717451 -0.540678382 -0.442423671 0.391746938
1403636734063555584.000000 18.383823395 -7.544812679 0.292257398 -0.603128314 -0.548811853 -0.431855708 0.385411948
1403636736713555456.000000 17.590604782 -8.249568939 0.647574902 -0.571105242 -0.580074072 -0.419366598 0.401851267
1403636737063555584.000000 17.480726242 -8.299212456 0.639357090 -0.570608377 -0.581050396 -0.410811663 0.409902781
1403636738513555456.000000 17.111600876 -8.467192650 0.809760690 -0.585000694 -0.577949107 -0.390748829 0.413599402
1403636740713555456.000000 17.445617676 -8.485994339 0.410135120 -0.717699587 -0.389643639 -0.498616964 0.290630996
1403636741163555584.000000 17.510410309 -8.515196800 0.275757521 -0.707622051 -0.397323579 -0.515093267 0.275833219
1403636741463555584.000000 17.523925781 -8.547977448 0.131730333 -0.728418410 -0.374939829 -0.501857400 0.277427197
1403636742063555584.000000 17.574171066 -8.595484734 -0.039611742 -0.725846767 -0.389933228 -0.503202081 0.260549873
1403636742663555584.000000 17.633642197 -8.555913925 -0.118023038 -0.719632089 -0.389446914 -0.499765754 0.284068614
1403636743063555584.000000 17.675397873 -8.523911476 -0.212719262 -0.721643865 -0.385846227 -0.498917460 0.285366982
1403636743363555584.000000 17.716388702 -8.500619888 -0.309137434 -0.749944746 -0.384273618 -0.470222026 0.262312770
1403636744563555584.000000 18.074985504 -8.151405334 -0.805676341 -0.742517233 -0.327363908 -0.517688751 0.271107912
1403636745713555456.000000 18.377124786 -8.027072906 -1.338140368 -0.730094075 -0.349251121 -0.525497913 0.262370467
1403636746763555584.000000 18.334753036 -7.944590569 -1.198021173 -0.761382461 -0.334427774 -0.499429524 0.242950454
1403636747063555584.000000 18.285995483 -7.905391693 -1.202260613 -0.757082760 -0.335049301 -0.500048399 0.254006624
1403636747363555584.000000 18.278896332 -7.848725319 -1.137931228 -0.742518544 -0.341894567 -0.522396088 0.242645174
1403636747663555584.000000 18.263172150 -7.776861191 -1.071289897 -0.747047365 -0.336862206 -0.521204114 0.238307446
1403636747963555584.000000 18.236036301 -7.690927505 -0.972352982 -0.752915859 -0.320508271 -0.518374622 0.248354539
1403636748463555584.000000 18.228075027 -7.563321114 -0.843322515 -0.751831234 -0.324974447 -0.524026811 0.233532354
1403636748763555584.000000 18.236267090 -7.490743160 -0.761368275 -0.753508985 -0.314879149 -0.522189438 0.245751157
1403636749563555584.000000 18.317300797 -7.405448437 -0.586791515 -0.751502335 -0.312472135 -0.536096096 0.224068001
1403636750013555456.000000 18.346776962 -7.401393414 -0.501173258 -0.737500906 -0.313062876 -0.549005210 0.238070086
1403636750963555584.000000 18.206176758 -7.485780239 -0.180393428 -0.741271079 -0.341769010 -0.525625527 0.239643589
1403636751463555584.000000 18.089767456 -7.515124321 0.066246815 -0.753685534 -0.331719667 -0.511764228 0.244984925
1403636751963555584.000000 18.028911591 -7.528156757 0.257355809 -0.754205465 -0.349025995 -0.495392352 0.252866328
1403636752463555584.000000 18.052389145 -7.518594265 0.437082827 -0.720841825 -0.376830786 -0.510532200 0.278823495
1403636753813555456.000000 17.958183289 -7.492390633 0.602727532 -0.596097410 -0.554986119 -0.427283794 0.392539173
1403636754663555584.000000 17.700904846 -7.567742348 0.673563302 -0.583910406 -0.560356200 -0.433583081 0.396302134
1403636755013555456.000000 17.537866592 -7.652155399 0.676550567 -0.556416512 -0.589005947 -0.412017137 0.416790724
1403636755413555456.000000 17.329690933 -7.791978836 0.690557897 -0.557599306 -0.604026020 -0.391830564 0.413164020
1403636755913555456.000000 17.042732239 -7.945886135 0.727626085 -0.558564663 -0.596522093 -0.397641689 0.417190701
1403636756363555584.000000 16.766201019 -8.067282677 0.764570296 -0.555423141 -0.593675375 -0.400606304 0.422574699
1403636756663555584.000000 16.578994751 -8.154274940 0.772655964 -0.553161502 -0.594200790 -0.400201321 0.425178409
1403636757263555584.000000 16.205932617 -8.392475128 0.820599020 -0.551202059 -0.594906867 -0.397198975 0.429528981
1403636757613555456.000000 15.992372513 -8.565887451 0.805772007 -0.548990130 -0.611466348 -0.387984842 0.417356640
1403636757913555456.000000 15.790898323 -8.692177773 0.852300048 -0.547635198 -0.630358279 -0.363158405 0.413352340
1403636758213555456.000000 15.581820488 -8.772013664 0.933224201 -0.531656563 -0.617889643 -0.374851555 0.441633523
1403636758513555456.000000 15.382528305 -8.854276657 0.947050512 -0.547607839 -0.621513605 -0.350647658 0.436912924
1403636758813555456.000000 15.212480545 -8.898449898 0.932171047 -0.551830649 -0.615715504 -0.347620934 0.442195892
1403636759113555456.000000 15.082743645 -8.907097816 0.900912523 -0.540592432 -0.607136011 -0.364480615 0.454202324
1403636759513555456.000000 14.987943649 -8.928044319 0.811352193 -0.538951218 -0.606134772 -0.364348710 0.457583010
1403636759813555456.000000 14.973908424 -8.959931374 0.756180704 -0.528597772 -0.614430964 -0.375599176 0.449426502
1403636760113555456.000000 14.965279579 -9.003505707 0.732376099 -0.539734602 -0.624034047 -0.360821962 0.434828341
1403636760563555584.000000 14.958564758 -9.049248695 0.671806574 -0.531031847 -0.618339419 -0.373692006 0.442736894
1403636760813555456.000000 14.953857422 -9.080310822 0.634236872 -0.530668080 -0.626677871 -0.372471035 0.432355911
1403636761063555584.000000 14.935578346 -9.108902931 0.601746738 -0.531029999 -0.627729654 -0.370303661 0.432247579
1403636761313555456.000000 14.903461456 -9.127484322 0.569803774 -0.542187035 -0.637878060 -0.352698117 0.418029726
1403636761413555456.000000 14.887718201 -9.125199318 0.564722240 -0.538601696 -0.633654416 -0.357951283 0.424571782
1403636761463555584.000000 14.879575729 -9.122457504 0.563955963 -0.535422742 -0.630493760 -0.362930804 0.429047078
1403636761713555456.000000 14.836778641 -9.106662750 0.567669868 -0.533481658 -0.614800990 -0.368306994 0.449185044
1403636761913555456.000000 14.810377121 -9.098846436 0.576584399 -0.539827168 -0.608996689 -0.360387206 0.455884606
1403636762263555584.000000 14.787949562 -9.094909668 0.604882360 -0.526464343 -0.631424665 -0.383097768 0.421158433
1403636762413555456.000000 14.765068054 -9.093351364 0.602603137 -0.538944781 -0.634528875 -0.366226107 0.415680319
1403636762513555456.000000 14.745073318 -9.086965561 0.591868937 -0.547912359 -0.623950601 -0.353720009 0.430534393
1403636762713555456.000000 14.712230682 -9.064867973 0.549009442 -0.551831782 -0.601430535 -0.347310692 0.461669177
1403636762913555456.000000 14.713279724 -9.056990623 0.517368436 -0.526994705 -0.586776137 -0.383153647 0.480794787
1403636763113555456.000000 14.742078781 -9.087648392 0.499440908 -0.561861992 -0.577635884 -0.381643295 0.452765197
1403636763513555456.000000 14.748640060 -9.105713844 0.476593912 -0.571600199 -0.568929970 -0.380655020 0.452430964
1403636763663555584.000000 14.750290871 -9.115464211 0.468113899 -0.571509778 -0.568971634 -0.380807906 0.452364177
