1403636579763555840.000000 0.000000000 0.000000000 0.000000000 -0.000000000 -0.000000000 -0.000000000 1.000000000
1403636579863555584.000000 0.000124002 0.005768541 0.002329408 -0.000663383 0.004781479 -0.002391442 0.999985516
1403636579913555712.000000 0.000109434 0.009410881 0.003537952 -0.005851561 0.005667353 -0.002946375 0.999962509
1403636580013555456.000000 -0.000163742 0.017648255 0.005995245 -0.017103733 0.005631381 -0.001398307 0.999836922
1403636580263555840.000000 -0.000646517 0.037919655 0.011528264 -0.029978534 0.004492851 0.002449301 0.999537468
1403636580413555712.000000 -0.000993407 0.047083165 0.013114219 -0.046989702 0.003449008 -0.001735547 0.998887897
1403636580563555840.000000 -0.001424406 0.050097730 0.013189940 -0.070857503 0.001695639 -0.001201877 0.997484326
1403636580763555840.000000 -0.001959179 0.035740480 0.009511537 -0.062965915 0.003880452 -0.006138681 0.997989237
1403636586513555456.000000 0.001246784 0.018646076 -0.005853898 -0.195276663 0.044082142 0.013842043 0.979659200
1403636587063555840.000000 0.006515886 0.016482431 -0.005751358 -0.186932087 0.027483938 0.006930703 0.981963873
1403636588013555456.000000 0.048574340 0.013216266 0.002289196 -0.195608899 0.060257919 0.028167266 0.978423655
1403636588163555584.000000 0.055092219 0.014156919 0.002990202 -0.205650851 0.065681070 0.030783381 0.975933492
1403636588463555584.000000 0.058842909 0.015323160 0.003385811 -0.199349120 0.060773600 0.034685634 0.977426946
1403636588963555584.000000 0.038356546 0.015344932 -0.000417765 -0.202085495 0.048296493 0.029961087 0.977717400
1403636589313555456.000000 0.011628537 0.014479707 -0.004095857 -0.192760661 0.030307198 0.020208471 0.980569482
1403636589813555456.000000 -0.027870603 0.017245173 -0.007351781 -0.194669783 0.009410791 0.009460799 0.980778039
1403636589963555584.000000 -0.037044462 0.019023998 -0.008185420 -0.201932251 -0.003528664 0.008186248 0.979358912
1403636590113555456.000000 -0.043281689 0.019606745 -0.008696554 -0.195914596 -0.014625097 0.007552274 0.980482817
1403636590663555584.000000 -0.028836660 0.017733205 -0.010858200 -0.186636806 0.003797855 0.001752994 0.982420087
1403636590963555584.000000 -0.006269283 0.017245378 -0.009721195 -0.198043987 0.015557612 0.008900346 0.980029285
1403636591513555456.000000 0.027500059 0.018527204 -0.004315419 -0.200825363 0.026485732 0.019004242 0.979084551
1403636592013555456.000000 0.035858486 0.018420920 0.003798609 -0.139295280 0.082971141 0.026672274 0.986408234
1403636592213555456.000000 0.040499449 0.016881125 0.009816533 -0.155061528 0.101182744 0.041381031 0.981837869
1403636593613555456.000000 -0.027636893 0.022313399 0.001561034 -0.184270024 -0.096295170 -0.003717212 0.978140056
1403636593813555456.000000 -0.019860728 0.028391339 -0.010949673 -0.197562471 -0.049788866 0.021148542 0.978796661
1403636594013555456.000000 -0.004162783 0.031141538 -0.018259117 -0.179576129 0.028946919 0.049044240 0.982094288
1403636594213555456.000000 0.015139135 0.030610990 -0.018707637 -0.173622817 0.097713970 0.071136497 0.977367222
1403636594363555584.000000 0.029842200 0.028790241 -0.012500915 -0.174928382 0.127825797 0.073260084 0.973495543
1403636594563555840.000000 0.046061013 0.024153545 0.001801801 -0.157188222 0.140655398 0.064562075 0.975366414
1403636594763555840.000000 0.049244016 0.019355895 0.017142449 -0.144027755 0.129131958 0.062799580 0.979100227
1403636595763555840.000000 -0.005601991 0.029511143 0.004677574 -0.164911121 -0.060022719 -0.010355757 0.984425902
1403636595963555584.000000 0.013092701 0.033834983 -0.003026979 -0.165734708 0.002387487 0.000494090 0.986167371
1403636596163555584.000000 0.024428174 0.037624381 -0.012783585 -0.174066737 0.055022880 0.018848078 0.983014762
1403636596363555584.000000 0.018650219 0.038992014 -0.024327360 -0.168660238 0.066405728 0.030662091 0.982956707
1403636596563555840.000000 0.005814950 0.039269768 -0.037256349 -0.158876181 0.063175604 0.021159196 0.985047996
1403636596763555840.000000 -0.002597419 0.040113214 -0.042900350 -0.160727322 0.060558975 0.014979185 0.985025346
1403636597263555840.000000 0.006774668 0.030067164 -0.007103001 -0.175294608 0.043014664 -0.003531978 0.983569562
1403636598263555840.000000 -0.005156099 0.031552959 -0.000544276 -0.175063342 -0.070879988 -0.053382941 0.980550408
1403636598463555584.000000 -0.001499989 0.037585407 -0.003004958 -0.188328370 -0.056853060 -0.059068415 0.978678286
1403636598663555584.000000 0.002202580 0.039203100 0.006033104 -0.165045351 -0.066487588 -0.058476608 0.982303381
1403636598863555584.000000 0.005032376 0.041352242 0.018869596 -0.120975256 -0.089571834 -0.052871980 0.987191200
1403636599063555840.000000 0.007160073 0.045790967 0.029618282 -0.084877342 -0.094035454 -0.048949577 0.990735650
1403636599463555584.000000 0.008300350 0.049511842 0.040562522 0.000169000 -0.096173234 -0.036394250 0.994699061
1403636599663555584.000000 0.008714785 0.051797237 0.043259811 -0.009800187 -0.083441786 -0.032328337 0.995939910
1403636600113555456.000000 0.009859192 0.052561250 0.043399666 0.018721359 -0.085268013 -0.019887829 0.995983601
1403636624463555584.000000 0.011115286 0.052796498 0.042706888 0.002434538 -0.077481985 -0.018666776 0.996816039
1403636624713555456.000000 0.014849173 0.053600386 0.040692236 -0.003599519 -0.069099888 -0.027520586 0.997223616
1403636624863555584.000000 0.018683443 0.054328993 0.038326927 -0.006943052 -0.064261436 -0.044459365 0.996918082
1403636625063555840.000000 0.023652997 0.051771667 0.032506097 -0.031374492 -0.056460716 -0.069836125 0.995465100
1403636625313555456.000000 0.025261061 0.041814756 0.026004406 -0.030759782 -0.063292287 -0.056381781 0.995926261
1403636625513555456.000000 0.025353590 0.041640267 0.025792219 -0.034820519 -0.066175140 -0.055153616 0.995673895
1403636627613555456.000000 0.034637004 -0.010354310 0.020810543 -0.008756620 -0.074544169 -0.044938404 0.996166170
1403636627913555712.000000 0.041670602 -0.005661231 0.019491533 -0.038171906 -0.040932979 -0.040329039 0.997617662
1403636628263555840.000000 0.047882449 -0.013099761 0.023701908 -0.009333320 -0.023143666 -0.027793238 0.999302208
1403636628963555584.000000 0.069810867 -0.029290639 0.031244257 -0.023211608 -0.006856295 -0.023870315 0.999422014
1403636629213555456.000000 0.081264526 -0.035853304 0.034979738 -0.027105065 0.011758156 -0.019982321 0.999363661
1403636629463555584.000000 0.093588673 -0.040476196 0.042467460 -0.013422900 0.030345997 -0.001066500 0.999448776
1403636629713555456.000000 0.108278662 -0.038343154 0.052403968 -0.024546186 0.069214284 0.014310302 0.997197151
1403636629963555584.000000 0.126068830 -0.032984059 0.066685341 -0.036768205 0.122363225 0.027721461 0.991416633
1403636630363555584.000000 0.156088248 -0.040307451 0.091499820 -0.006578274 0.155905455 0.033714753 0.987174511
1403636630563555840.000000 0.170741335 -0.049781859 0.102070346 -0.014521135 0.157059640 0.028251318 0.987078190
1403636630763555840.000000 0.184008047 -0.059099711 0.113424137 -0.017628256 0.153464168 0.021856749 0.987755179
1403636631513555456.000000 0.231402099 -0.072146200 0.165231302 -0.009962855 0.141817734 0.024176966 0.989547372
1403636633063555840.000000 0.293223113 -0.087583154 0.274693161 -0.018153777 0.053085763 -0.012316007 0.998348951
1403636633213555456.000000 0.297893286 -0.091788709 0.287010312 -0.017108213 0.037117813 -0.020975132 0.998944283
1403636633863555584.000000 0.317739815 -0.099938229 0.350011289 -0.030380711 0.031946912 -0.005574979 0.999012172
1403636634113555456.000000 0.327883482 -0.109494120 0.376915634 -0.025806991 0.032888733 0.009625502 0.999079466
1403636634563555840.000000 0.351429701 -0.131680086 0.428996772 -0.007275549 0.033253364 -0.014372420 0.999317110
1403636634813555456.000000 0.364348620 -0.139083356 0.457824498 -0.008813376 0.017985081 -0.024852404 0.999490499
1403636635063555840.000000 0.374360889 -0.150231630 0.484348208 -0.017087761 0.003906200 -0.031685676 0.999344170
1403636635313555456.000000 0.383319259 -0.159666285 0.511195362 -0.023750389 -0.004980230 -0.030012412 0.999254942
1403636635513555456.000000 0.389590353 -0.166510046 0.534355938 -0.027171569 -0.009577313 -0.020655496 0.999371469
1403636635763555840.000000 0.398690909 -0.181813329 0.563045442 -0.020819169 -0.009499808 -0.014516401 0.999632776
1403636636013555456.000000 0.410575658 -0.204092637 0.590051830 -0.024675574 -0.010114412 -0.004282889 0.999635220
1403636636513555456.000000 0.440347612 -0.252692759 0.646076739 0.012207194 -0.000121354 -0.033009231 0.999380529
1403636636813555456.000000 0.455335200 -0.270466328 0.675911069 0.012560963 0.008470478 -0.058524810 0.998170972
1403636637063555840.000000 0.461364776 -0.274829417 0.697911739 0.001546683 -0.000468722 -0.041825883 0.999123633
1403636637513555456.000000 0.465830505 -0.278568208 0.731661439 -0.020001862 -0.008907099 -0.033796139 0.999188900
1403636637763555840.000000 0.465903223 -0.290700704 0.748089433 -0.020644533 -0.011958690 -0.032726660 0.999179602
1403636638063555840.000000 0.465760231 -0.309716105 0.768141091 -0.008452122 -0.014208381 -0.032946672 0.999320388
1403636638363555584.000000 0.466108352 -0.313138187 0.790647507 -0.011919374 -0.017859846 -0.027059894 0.999403238
1403636638663555584.000000 0.468334377 -0.312082112 0.816126466 -0.046497449 -0.020596856 -0.020130541 0.998503149
1403636638913555712.000000 0.473241359 -0.321847558 0.841310441 -0.025277739 -0.020029755 -0.025930084 0.999143362
1403636639163555584.000000 0.479159892 -0.336888283 0.866800845 -0.022462703 -0.028383760 -0.003429903 0.999338806
1403636639463555584.000000 0.492855817 -0.339652926 0.904336810 -0.023747353 -0.021879489 -0.022104928 0.999234080
1403636640563555840.000000 0.542204797 -0.364942104 1.024826884 -0.003189730 -0.052355509 -0.049024101 0.997419357
1403636641713555456.000000 0.576358855 -0.374836594 1.103356242 -0.004857217 -0.054185092 -0.045295246 0.997491241
1403636641913555712.000000 0.581428468 -0.379942477 1.111931443 -0.003660008 -0.051672775 -0.046139840 0.997590959
1403636642063555840.000000 0.585595250 -0.385852188 1.117103457 -0.000909534 -0.040804364 -0.041222636 0.998316050
1403636643013555456.000000 0.607771337 -0.391237527 1.142964721 -0.024638299 0.004005770 -0.021248844 0.999462545
1403636643913555712.000000 0.632864535 -0.412281513 1.173024178 -0.044116706 -0.001301517 -0.025706479 0.998694777
1403636644113555456.000000 0.639820457 -0.418756515 1.185705185 -0.048126340 -0.001034910 -0.027519353 0.998461545
1403636644463555584.000000 0.651549876 -0.426806688 1.219940305 -0.007689510 -0.009430048 -0.000088245 0.999925971
1403636644563555840.000000 0.655930042 -0.426949650 1.230550647 -0.000626775 -0.012569711 0.008628592 0.999883592
1403636644663555584.000000 0.661900163 -0.425717533 1.241539478 0.001902755 -0.011230493 0.005904108 0.999917686
1403636645263555840.000000 0.704114079 -0.409839898 1.299277782 -0.060086899 0.005243259 -0.023374731 0.997905672
1403636645613555456.000000 0.726846874 -0.418109268 1.341697693 -0.038784403 0.007446883 -0.024525650 0.998918831
1403636645963555584.000000 0.747527122 -0.432446361 1.393308759 -0.031494822 0.007398374 -0.020297758 0.999270439
1403636646163555584.000000 0.760656238 -0.449369550 1.422670841 -0.016920779 0.027091045 -0.001191029 0.999489069
1403636646513555456.000000 0.788794875 -0.473108172 1.472972274 0.012321022 0.111802071 0.030849770 0.993175149
1403636647013555456.000000 0.831870854 -0.511760294 1.525864363 0.004768857 0.159062833 0.033736777 0.986680329
1403636647213555456.000000 0.847528100 -0.523539841 1.541495442 -0.006896493 0.159136027 0.033177592 0.986674905
1403636647413555712.000000 0.863328218 -0.532022595 1.557660103 -0.001596352 0.154855371 0.035797916 0.987287104
1403636647613555456.000000 0.879991174 -0.538713694 1.572402954 0.013532870 0.147713825 0.041206256 0.988078713
1403636647863555584.000000 0.901453793 -0.547409475 1.585496783 0.007359794 0.156234801 0.038846035 0.986928344
1403636648113555456.000000 0.924037814 -0.551153600 1.595919371 0.004945377 0.195171520 0.050004210 0.979481101
1403636648463555584.000000 0.959520698 -0.544178724 1.606670976 0.005673145 0.283743799 0.080951467 0.955460191
1403636649663555584.000000 1.059628367 -0.572253525 1.599443078 0.007247535 0.342687458 0.093734428 0.934733510
1403636650063555840.000000 1.086470723 -0.590691924 1.586124301 0.014818203 0.368476629 0.096329033 0.924513996
1403636650413555712.000000 1.105464220 -0.590089083 1.574704647 0.010122185 0.428681999 0.119904660 0.895406187
1403636651113555456.000000 1.130648494 -0.572132885 1.544784546 0.010880458 0.502182841 0.141322598 0.853066266
1403636651613555456.000000 1.134787321 -0.574288487 1.514575005 0.005685554 0.489539981 0.140401721 0.860584497
1403636652063555840.000000 1.132673979 -0.561321557 1.488199949 0.026434725 0.523602426 0.163618997 0.835685670
1403636652913555712.000000 1.130031824 -0.516384482 1.414601803 -0.022779701 0.654437840 0.228538230 0.720390499
1403636653313555456.000000 1.143763185 -0.506823063 1.381141901 -0.002473031 0.655607700 0.200186044 0.728078246
1403636653463555584.000000 1.148494601 -0.503577352 1.369768023 0.000007629 0.651901066 0.194988206 0.732805967
1403636653863555584.000000 1.156949162 -0.502787352 1.340208650 0.008372915 0.646430969 0.184619054 0.740251780
1403636654013555456.000000 1.158361912 -0.499250531 1.330797553 0.008270403 0.644288421 0.189534560 0.740878403
1403636654163555584.000000 1.158760667 -0.493028343 1.322551847 0.011956352 0.645802200 0.194103047 0.738322794
1403636654763555840.000000 1.149121761 -0.488527298 1.281261206 -0.002157578 0.706875682 0.227989838 0.669584095
1403636655263555840.000000 1.135337114 -0.476607114 1.254885793 0.015495826 0.729041576 0.217394739 0.648843408
1403636655413555712.000000 1.128946304 -0.470726371 1.247761965 0.021269746 0.735609770 0.219941109 0.640352845
1403636655563555840.000000 1.119882703 -0.467016220 1.240831137 0.019696588 0.745233297 0.227294609 0.626559377
1403636655663555584.000000 1.113229752 -0.463968217 1.235371113 0.013720869 0.750518203 0.241924822 0.614822388
1403636656113555456.000000 1.082941651 -0.436177552 1.213723779 0.009713385 0.787004709 0.272461206 0.553438485
1403636656213555456.000000 1.076188207 -0.431444943 1.206332445 0.004789704 0.792620063 0.273565084 0.544878542
1403636656313555456.000000 1.070080638 -0.428743064 1.199143887 0.001679181 0.795727849 0.275517851 0.539355457
1403636656413555712.000000 1.063848376 -0.427471757 1.190797806 -0.000118000 0.796691179 0.276962548 0.537191808
1403636656513555456.000000 1.058005214 -0.427088439 1.181552768 -0.001196971 0.796767652 0.276743084 0.537190020
1403636656613555456.000000 1.052654386 -0.427323997 1.172349691 -0.001428274 0.797320783 0.273086786 0.538238943
1403636657013555456.000000 1.032283306 -0.419883549 1.139084220 0.016610255 0.802368820 0.241408184 0.545573533
1403636657113555456.000000 1.026495218 -0.414510548 1.131290913 0.021306660 0.800774217 0.241688341 0.547625363
1403636657213555456.000000 1.018964767 -0.410725504 1.124555111 0.025167873 0.798638999 0.244867504 0.549165010
1403636657513555456.000000 0.992629051 -0.398963779 1.103212833 0.018563325 0.790380299 0.269163817 0.550004721
1403636657663555584.000000 0.978826165 -0.391458035 1.092371225 0.015112101 0.789400637 0.273317635 0.549468577
1403636657763555840.000000 0.969286561 -0.385442942 1.084425807 0.017016405 0.790428936 0.273405284 0.547888875
1403636657863555584.000000 0.960217595 -0.379115343 1.076897025 0.020323925 0.790914357 0.278922081 0.544282913
1403636657963555584.000000 0.950562000 -0.372750640 1.067904711 0.022519099 0.789448202 0.287030816 0.542104900
1403636658163555584.000000 0.932167649 -0.362199783 1.046844482 0.008818442 0.794777393 0.281486899 0.537602365
1403636658313555456.000000 0.919086099 -0.354725599 1.027485251 -0.001741736 0.798426330 0.274807215 0.535717607
1403636658413555712.000000 0.911063671 -0.349179894 1.015310764 -0.006252348 0.799680948 0.273700356 0.534377456
1403636658563555840.000000 0.899501443 -0.339916289 0.997144163 -0.016601654 0.802007914 0.268544763 0.533283591
1403636658663555584.000000 0.892773986 -0.333154082 0.985756755 -0.020901220 0.803433895 0.265100181 0.532709122
1403636658813555456.000000 0.883899927 -0.323213398 0.969584107 -0.023976473 0.806825280 0.255626857 0.532083631
1403636659013555456.000000 0.875356793 -0.309642613 0.951737165 -0.010366407 0.809179008 0.249640331 0.531790912
1403636659263555840.000000 0.864184022 -0.290425003 0.934060633 0.002371620 0.810258865 0.245104343 0.532352149
1403636659363555584.000000 0.858985960 -0.283295095 0.928401470 -0.000650413 0.808729470 0.249495909 0.532642603
1403636659463555584.000000 0.853731334 -0.277740717 0.923469424 -0.007723039 0.806659937 0.256405085 0.532443881
1403636659563555840.000000 0.848428845 -0.273326755 0.917617261 -0.008835793 0.806067884 0.258163840 0.532473445
1403636659663555584.000000 0.844237745 -0.269474387 0.911997318 -0.008610496 0.807635963 0.255177408 0.531539738
1403636659763555840.000000 0.839844525 -0.264644772 0.908003330 -0.006975129 0.809600532 0.252378672 0.529908776
1403636660113555456.000000 0.824344218 -0.241909534 0.898786426 -0.017937737 0.807136416 0.267715901 0.525868058
1403636660213555456.000000 0.820866644 -0.233515725 0.897769988 -0.020069040 0.806382596 0.270629078 0.525456250
1403636660363555584.000000 0.817377865 -0.222563863 0.896588087 -0.029485783 0.803097606 0.281478703 0.524342000
1403636660713555456.000000 0.820709109 -0.204500422 0.891101301 -0.024896007 0.808882177 0.263561726 0.525000036
1403636660863555584.000000 0.825365901 -0.194976419 0.890842319 -0.026405152 0.815193474 0.242659807 0.525241494
1403636661163555584.000000 0.836238921 -0.173754051 0.899220109 -0.010632620 0.814816236 0.243129894 0.526164770
1403636661313555456.000000 0.840840042 -0.163899839 0.905943274 -0.003710079 0.814241707 0.244309545 0.526601970
1403636661463555584.000000 0.844867289 -0.157968953 0.913737416 -0.002628491 0.814116240 0.244525775 0.526702046
1403636661613555456.000000 0.848179638 -0.155382395 0.921702504 -0.001658786 0.811742961 0.250606865 0.527510047
1403636662363555584.000000 0.844763637 -0.171869189 0.955716491 -0.005526189 0.811973393 0.247254059 0.528709829
1403636662513555456.000000 0.841501176 -0.173470214 0.964254439 -0.015106069 0.809680700 0.257153720 0.527314842
1403636662663555584.000000 0.838526905 -0.174304202 0.973928392 -0.004359947 0.805518270 0.271999091 0.526438773
1403636663013555456.000000 0.833640575 -0.168914840 0.994729042 0.010528246 0.800168812 0.290716767 0.524502456
1403636663163555584.000000 0.831915855 -0.166278735 0.999754548 0.014551701 0.796180248 0.302392900 0.523873866
1403636663363555584.000000 0.830900311 -0.161525279 1.002247930 -0.017975049 0.802486002 0.288246751 0.522117734
1403636663663555584.000000 0.836584687 -0.147212878 1.005834579 -0.044490963 0.801448703 0.289612442 0.521368444
1403636663813555456.000000 0.845024943 -0.139609694 1.007302403 -0.055072080 0.804879606 0.275968671 0.522472203
1403636663963555584.000000 0.857632160 -0.135729790 1.009265065 -0.058276031 0.809932649 0.255020410 0.524954915
1403636664113555456.000000 0.873082936 -0.135597363 1.013666272 -0.049767990 0.812735319 0.241019413 0.528104365
1403636664413555712.000000 0.909615636 -0.139450192 1.030461073 -0.016671164 0.808877289 0.237462670 0.537634611
1403636664613555456.000000 0.933210015 -0.135705233 1.048914671 -0.002518356 0.803520441 0.239279971 0.545063019
1403636664813555456.000000 0.954925597 -0.134744436 1.067981005 -0.003985865 0.798058093 0.242169559 0.551762044
1403636665013555456.000000 0.974185407 -0.138407096 1.087151051 -0.006400581 0.792072713 0.248575389 0.557485640
1403636665213555456.000000 0.993039489 -0.147269204 1.105479956 -0.009222738 0.785282731 0.261842281 0.560967565
1403636665813555456.000000 1.048768878 -0.179764688 1.155166388 -0.016291320 0.794778645 0.241754606 0.556431651
1403636666363555584.000000 1.094343901 -0.206050470 1.207188010 0.016297372 0.794514775 0.248301685 0.553919613
1403636666613555456.000000 1.108151793 -0.213779196 1.229485989 0.010912550 0.789469719 0.257379800 0.557112336
1403636666913555712.000000 1.121396422 -0.227877557 1.253101349 -0.004343798 0.778925121 0.279805779 0.561217904
1403636667163555584.000000 1.136083722 -0.235003144 1.269233704 0.004147619 0.781269133 0.270383507 0.562578082
1403636667613555456.000000 1.161838055 -0.236055970 1.297040701 -0.007556100 0.782850087 0.261007011 0.564769030
1403636667913555712.000000 1.178616405 -0.243185014 1.313336849 0.001446628 0.779321313 0.271239519 0.564876437
1403636668513555456.000000 1.219768882 -0.239196390 1.343234062 -0.013728060 0.790684760 0.261042446 0.553611755
1403636668713555456.000000 1.236050129 -0.234138131 1.355463743 -0.016884439 0.794276118 0.258364379 0.549625576
1403636668863555584.000000 1.249376535 -0.230387241 1.364145756 -0.025116531 0.799912214 0.243220851 0.548044920
1403636669163555584.000000 1.276377678 -0.236590058 1.387343884 -0.003382534 0.801607251 0.241453260 0.546913803
1403636669413555712.000000 1.296635270 -0.242916167 1.410326719 -0.000032868 0.802205324 0.241932794 0.545834363
1403636669663555584.000000 1.314266205 -0.244627148 1.440271139 0.011708276 0.806976199 0.224955395 0.545937181
1403636669913555712.000000 1.324147940 -0.253497213 1.469503880 0.045958083 0.796634674 0.245512322 0.550440550
1403636670113555456.000000 1.324955225 -0.263062567 1.492066622 0.058094196 0.785186052 0.272475332 0.553050756
1403636670263555840.000000 1.321457863 -0.270456582 1.503088236 0.081421867 0.777555764 0.273772746 0.560201883
1403636670513555456.000000 1.307367086 -0.276576757 1.514155984 0.098426275 0.756486475 0.282541037 0.581559181
1403636670813555456.000000 1.273375034 -0.281638861 1.502499938 0.097521894 0.715654552 0.274935365 0.634616971
1403636671013555456.000000 1.242692351 -0.281785190 1.479623437 0.114514977 0.673450887 0.268760085 0.679056883
1403636671113555456.000000 1.223977804 -0.281568676 1.463182092 0.110502712 0.653660059 0.255549639 0.703713059
1403636671213555456.000000 1.204448938 -0.279729009 1.441713691 0.097271897 0.635040462 0.243090406 0.726752341
1403636671763555840.000000 1.095625162 -0.261489064 1.296284676 -0.042514175 0.576732457 0.207315221 0.789045393
1403636672413555712.000000 1.035903215 -0.254947633 1.158863306 -0.092216700 0.592152357 0.170162544 0.782238066
1403636673363555584.000000 1.032625675 -0.228405714 1.106658220 -0.064377800 0.531590939 0.172067136 0.826837003
1403636673663555584.000000 1.044319868 -0.231326282 1.111491919 -0.048559647 0.526152730 0.156671405 0.834421575
1403636674013555456.000000 1.063472509 -0.237189248 1.130398750 -0.028109821 0.527805328 0.141452521 0.837032020
1403636676513555456.000000 1.236909986 -0.243322194 1.396750212 -0.032213442 0.306941092 0.048393410 0.949951351
1403636678213555456.000000 1.278411150 -0.299422503 1.601105213 -0.010059927 0.071539767 0.007925611 0.997355521
1403636678713555456.000000 1.288719416 -0.318263590 1.630254507 -0.011517103 -0.016561808 -0.040653959 0.998969615
1403636679463555584.000000 1.276219487 -0.326876968 1.664950490 0.001648084 -0.193194568 -0.088346615 0.977173507
1403636679663555584.000000 1.270435810 -0.331440210 1.668408036 -0.005123874 -0.230502799 -0.098996378 0.968009293
1403636679913555712.000000 1.265663147 -0.343151569 1.668441296 0.007336492 -0.245661572 -0.113491073 0.962661088
1403636680363555584.000000 1.256666899 -0.366545618 1.654264688 0.023536798 -0.228541955 -0.149997905 0.961621165
1403636680613555456.000000 1.243711829 -0.367936492 1.637109876 0.013190340 -0.218827724 -0.154912055 0.963297844
1403636680863555584.000000 1.224311352 -0.363884598 1.615781426 -0.004584336 -0.226557672 -0.119720533 0.966601074
1403636681313555456.000000 1.184973598 -0.344549239 1.579480410 -0.019631090 -0.226432085 -0.116873793 0.966790378
1403636681563555840.000000 1.161092877 -0.338319927 1.562979579 -0.002991661 -0.232125431 -0.110380985 0.966397882
1403636682113555456.000000 1.108845472 -0.325160980 1.518327713 0.000158615 -0.240745410 -0.112372778 0.964061201
1403636682513555456.000000 1.071149707 -0.317898512 1.479783535 -0.016479589 -0.239497006 -0.111430056 0.964340687
1403636682763555840.000000 1.048198342 -0.308515817 1.460035086 0.000893903 -0.236451909 -0.109294891 0.965476215
1403636683113555456.000000 1.015729189 -0.302427232 1.425319433 0.006497517 -0.229525968 -0.116615184 0.966269433
1403636683363555584.000000 0.993211865 -0.292569697 1.399083853 0.000479241 -0.235291034 -0.110079311 0.965671003
1403636683613555456.000000 0.970892906 -0.278271377 1.372304916 -0.003035413 -0.239394441 -0.109389789 0.964735687
1403636683863555584.000000 0.949524820 -0.263169318 1.345723629 -0.017394444 -0.243044853 -0.107961252 0.963831425
1403636684113555456.000000 0.928029716 -0.255272657 1.317997217 -0.011584239 -0.246870652 -0.109200448 0.962806344
1403636684363555584.000000 0.907786310 -0.252925187 1.290012717 -0.003381732 -0.252184719 -0.108436689 0.961578369
1403636685313555456.000000 0.855623782 -0.214218438 1.188224316 -0.006172574 -0.244046450 -0.123246022 0.961880267
1403636685513555456.000000 0.846111536 -0.208626568 1.164350867 -0.007720890 -0.241047069 -0.119268350 0.963126063
1403636686163555584.000000 0.809381843 -0.171675563 1.090354800 -0.012549972 -0.241962239 -0.109552562 0.963999510
1403636686413555712.000000 0.795157790 -0.162642226 1.061198711 -0.018216535 -0.242317453 -0.107010476 0.964105427
1403636686913555712.000000 0.766679108 -0.143342644 1.013338923 -0.015078743 -0.244850352 -0.105692431 0.963664949
1403636687463555584.000000 0.739495516 -0.133823499 0.966186583 -0.005905299 -0.247890070 -0.105996884 0.962953985
1403636687763555840.000000 0.727336347 -0.118845299 0.945567191 -0.004768707 -0.251512736 -0.100699075 0.962589383
1403636688913555712.000000 0.694148242 -0.034436375 0.870807230 -0.008285590 -0.252450943 -0.128440961 0.959011376
1403636689163555584.000000 0.682529807 -0.022284234 0.850090563 -0.019454397 -0.272170246 -0.121819116 0.954308629
1403636689363555584.000000 0.670799077 -0.018827301 0.834023118 -0.024971327 -0.281818300 -0.123514973 0.951156616
1403636689613555456.000000 0.656056702 -0.021062586 0.814996004 -0.029341206 -0.287841558 -0.123078786 0.949282885
1403636689813555456.000000 0.643791556 -0.024975434 0.802273512 -0.046938576 -0.291161060 -0.110714912 0.949086010
1403636690113555456.000000 0.626683116 -0.030080158 0.794423044 -0.044582125 -0.289767444 -0.101526298 0.950652242
1403636690363555584.000000 0.614763498 -0.036111791 0.796222985 -0.039483495 -0.281281769 -0.118314229 0.951484799
1403636690613555456.000000 0.601944506 -0.046308529 0.802619934 -0.038476259 -0.285931170 -0.103286669 0.951890111
1403636690813555456.000000 0.593029082 -0.050625660 0.813365340 -0.035948865 -0.296958119 -0.069224693 0.951699257
1403636691013555456.000000 0.588943720 -0.050205979 0.829628468 -0.009692607 -0.304598361 -0.046036474 0.951318324
1403636691163555584.000000 0.592663944 -0.052557528 0.842728257 0.013743917 -0.306622058 -0.045070667 0.950664341
1403636691263555840.000000 0.598553181 -0.055638470 0.850908160 0.028614208 -0.301612467 -0.064135551 0.950840533
1403636691313555456.000000 0.602658391 -0.057599865 0.854532659 0.032563083 -0.298659265 -0.075142056 0.950839639
1403636691613555456.000000 0.633551240 -0.074398383 0.868522286 0.000306944 -0.296709418 -0.104906358 0.949188113
1403636692263555840.000000 0.709565759 -0.111640260 0.885302782 0.001008222 -0.291378379 -0.124543644 0.948465407
1403636692613555456.000000 0.749103487 -0.139837921 0.884313822 -0.003086318 -0.286193401 -0.127894849 0.949592948
1403636692913555712.000000 0.778897882 -0.165270403 0.880497158 -0.009546809 -0.271079153 -0.159174562 0.949256778
1403636693263555840.000000 0.802809894 -0.187564507 0.873789489 -0.018886117 -0.279640317 -0.141321436 0.949459255
1403636693613555456.000000 0.816557229 -0.197470874 0.872406125 -0.056305259 -0.284233838 -0.135226458 0.947499156
1403636694013555456.000000 0.819231391 -0.207473055 0.886581659 -0.015739981 -0.291005224 -0.124433801 0.948464274
1403636694413555712.000000 0.819935322 -0.218094319 0.903117180 -0.010751243 -0.293410242 -0.123914033 0.947860837
1403636694863555584.000000 0.819889188 -0.224094808 0.920522153 -0.012967394 -0.291977346 -0.117175378 0.949131727
1403636695363555584.000000 0.824633241 -0.226718098 0.943424940 -0.011897706 -0.282794327 -0.120355532 0.951525271
1403636695613555456.000000 0.828826189 -0.234457240 0.952781916 -0.006390418 -0.278239787 -0.126193106 0.952164471
1403636695963555584.000000 0.832414031 -0.236969784 0.964166403 -0.010232991 -0.275679320 -0.123743318 0.953196645
1403636696513555456.000000 0.832072377 -0.228917822 0.982100368 0.006056590 -0.272926360 -0.117420956 0.954822958
1403636696963555584.000000 0.832793534 -0.226756036 0.984742522 0.000434464 -0.269040346 -0.125202209 0.954956293
1403636699863555584.000000 0.702075481 -0.178748935 0.878661633 -0.013669467 0.210111409 0.072880834 0.974861443
1403636700763555840.000000 0.716242909 -0.131335348 0.868119836 0.002282417 0.280323863 0.083784834 0.956239223
1403636701713555456.000000 0.754550636 -0.115949593 0.844855309 -0.007871220 0.282459110 0.075402424 0.956278920
1403636702763555840.000000 0.810543537 -0.075613037 0.843714535 -0.027666567 0.396407515 0.115253039 0.910391331
1403636703813555456.000000 0.880049407 -0.050363347 0.867974937 -0.009196105 0.388996035 0.113989338 0.914113760
1403636704563555840.000000 0.931606710 -0.041906655 0.878811836 -0.027750107 0.380250573 0.114111356 0.917397439
1403636705213555456.000000 0.991679966 -0.039398618 0.911345780 -0.034282882 0.376773983 0.104438126 0.919760168
1403636705813555456.000000 1.053153992 -0.048474938 0.971693873 -0.024878206 0.377126634 0.105520919 0.919794500
1403636706363555584.000000 1.112197995 -0.061480135 1.030976295 -0.006095141 0.372332603 0.101465747 0.922516167
1403636707013555456.000000 1.176772356 -0.077791400 1.096462846 -0.027455781 0.378043860 0.099271737 0.920040309
1403636708063555840.000000 1.271721363 -0.148206979 1.229414463 -0.016215308 0.379954249 0.114754409 0.917716384
1403636708513555456.000000 1.317575693 -0.154610589 1.297386646 0.009794210 0.367184877 0.131361529 0.920773387
1403636709013555456.000000 1.371844649 -0.160891414 1.354460835 0.005348536 0.391153395 0.088721566 0.916023433
1403636709563555840.000000 1.403721452 -0.178967789 1.406745672 -0.012460708 0.399625480 0.092261642 0.911938608
1403636710163555584.000000 1.415850639 -0.194429949 1.476228118 -0.012179128 0.391314059 0.088127531 0.915946841
1403636710563555840.000000 1.412350655 -0.199365377 1.528316140 0.004391492 0.353871077 0.114173606 0.928288996
1403636710963555584.000000 1.409488797 -0.195097432 1.575064301 -0.000205476 0.298265874 0.071929231 0.951768696
1403636711363555584.000000 1.402678251 -0.203129739 1.610878944 -0.001022988 0.271429598 0.048421644 0.961238980
1403636711863555584.000000 1.375463486 -0.219502941 1.643582940 0.019954082 0.278803766 0.050479170 0.958812952
1403636712263555840.000000 1.341596603 -0.234528363 1.652906895 0.012446543 0.267894387 0.069727555 0.960841179
1403636712713555456.000000 1.298655391 -0.259608507 1.645781875 0.023848988 0.224527225 0.035126459 0.973542452
1403636713213555456.000000 1.241956711 -0.269443989 1.623679638 0.013741175 0.208217815 0.039503653 0.977187812
1403636713663555584.000000 1.186903954 -0.287692308 1.587637544 0.003836159 0.206077173 0.057509106 0.976836860
1403636714213555456.000000 1.134533882 -0.290965170 1.538645148 -0.000755360 0.218520626 0.056117188 0.974217176
1403636714713555456.000000 1.097300053 -0.274405301 1.495361328 -0.024048945 0.192302674 0.056544978 0.979410052
1403636715513555456.000000 1.057820082 -0.281932205 1.442838550 -0.016156357 0.078730911 0.013671889 0.996671259
1403636716613555456.000000 1.036294341 -0.271384329 1.382328629 -0.004591491 0.102466039 0.011663074 0.994657516
1403636717413555712.000000 1.024127841 -0.245001912 1.320087790 -0.005785374 -0.007305504 -0.052911308 0.998555779
1403636718113555456.000000 0.992797673 -0.222750604 1.262409329 -0.006498222 -0.056605469 -0.068674922 0.996010721
1403636718763555840.000000 0.937985659 -0.190387890 1.211322308 -0.018151315 -0.160653472 -0.058630981 0.985100746
1403636720013555456.000000 0.867698014 -0.134885475 1.122383475 -0.011597215 -0.152637020 -0.070240341 0.985714853
1403636720513555456.000000 0.852131546 -0.113419287 1.087977648 -0.015276791 -0.154334202 -0.067960702 0.985560238
1403636721013555456.000000 0.844625473 -0.102898985 1.059605122 -0.012999998 -0.129590124 -0.058708768 0.989742756
1403636722063555840.000000 0.851733446 -0.077678561 1.010786772 -0.003486019 -0.033620548 -0.044637363 0.998431325
1403636722963555584.000000 0.852047086 -0.056965623 0.959493756 -0.006944116 -0.023029361 -0.039042402 0.998947978
1403636723613555456.000000 0.845280826 -0.050317023 0.919491410 0.013361154 0.002228818 -0.028429449 0.999504030
1403636724063555840.000000 0.837000728 -0.043651033 0.886234283 -0.017409123 0.030759046 -0.011686742 0.999306917
1403636726313555456.000000 0.799880862 -0.056021597 0.780205846 -0.008069954 0.112895370 0.014824351 0.993463516
1403636726663555584.000000 0.796026886 -0.057252038 0.770663083 0.001344927 0.099496916 0.037849661 0.994316876
1403636727863555584.000000 0.792820573 -0.098784402 0.703742266 -0.003167112 0.099668898 -0.006503154 0.994994402
1403636729013555456.000000 0.743260324 -0.107980341 0.632521451 0.002461473 0.051105570 -0.016415942 0.998555303
1403636730113555456.000000 0.686805964 -0.087747477 0.546295941 -0.012702264 0.029540922 -0.017711509 0.999325931
1403636731313555456.000000 0.629470348 -0.078115955 0.485508144 -0.005972973 0.023770340 0.002118262 0.999697387
1403636732113555456.000000 0.625660360 -0.055258658 0.473935038 -0.004869744 0.026254212 -0.009479138 0.999598503
1403636732613555456.000000 0.627850294 -0.037892923 0.465238720 0.011767915 0.036624819 -0.045838155 0.998207867
1403636733863555584.000000 0.581284463 -0.032890767 0.363425016 -0.015093585 0.020049732 -0.022832068 0.999424279
1403636734463555584.000000 0.546269000 -0.026402052 0.315290987 -0.008610359 0.018135214 -0.020005113 0.999598324
1403636734813555456.000000 0.526248932 -0.024915321 0.287097037 -0.018309876 0.014730570 -0.022433668 0.999472141
1403636735713555456.000000 0.480040669 -0.021635626 0.239021510 -0.017193384 0.024280302 -0.012883249 0.999474287
1403636737363555584.000000 0.407713741 -0.025764046 0.185247406 -0.008874940 -0.041647233 -0.038634017 0.998345733
1403636738213555456.000000 0.369337082 -0.042298317 0.155666456 -0.017703738 -0.045471292 -0.029049996 0.998386204
1403636739313555456.000000 0.373801142 -0.038609572 0.164950535 -0.007035760 0.145013899 0.039742410 0.988606095
1403636739463555584.000000 0.380821645 -0.032747656 0.167852148 -0.008123702 0.189181119 0.040782984 0.981061280
1403636739713555456.000000 0.391536593 -0.029874519 0.169629186 -0.006824350 0.232613742 0.060275164 0.970675647
1403636740613555456.000000 0.421154797 0.003189039 0.180178970 -0.000977131 0.233103886 0.058889862 0.970666587
1403636741363555584.000000 0.439206481 0.047927417 0.185654402 0.000298017 0.247386962 0.062675305 0.966887474
1403636742263555840.000000 0.454220355 0.096233167 0.192188770 -0.028368630 0.243522540 0.062542811 0.967460811
1403636743063555840.000000 0.467835099 0.110317461 0.211916074 -0.006269794 0.236888662 0.064607084 0.969366014
1403636743763555840.000000 0.494343221 0.129350185 0.244799793 -0.018185286 0.257808238 0.068898194 0.963564873
1403636744413555712.000000 0.528181195 0.167062819 0.299399465 0.006151033 0.291749507 0.087694958 0.952446342
1403636745313555456.000000 0.569733441 0.250115484 0.350181401 -0.011547559 0.279121310 0.080513835 0.956804872
1403636746063555840.000000 0.597282350 0.253031492 0.365669399 0.000774013 0.309930831 0.064380214 0.948576570
1403636746813555456.000000 0.576062143 0.231742173 0.370201558 -0.027849963 0.296561599 0.104418218 0.948879600
1403636748013555456.000000 0.556382298 0.178210288 0.398836523 0.000948494 0.307584405 0.105580539 0.945644557
1403636749113555456.000000 0.555038214 0.124022871 0.423967481 0.009672828 0.317626148 0.118231833 0.940766394
1403636750013555456.000000 0.569886088 0.090389967 0.421134621 0.020442370 0.328153819 0.077514865 0.941216588
1403636751213555456.000000 0.533764601 0.023460412 0.374693871 -0.015054247 0.305541754 0.073641151 0.949207366
1403636752263555840.000000 0.514487505 -0.039699823 0.348066360 -0.011497678 0.275637656 0.074749619 0.958281875
1403636752663555584.000000 0.515505195 -0.066285878 0.340853542 -0.004644482 0.209597915 0.047098856 0.976641595
1403636753663555584.000000 0.499574006 -0.076751120 0.334662110 -0.005570071 0.012908923 -0.030867035 0.999424636
1403636754863555584.000000 0.437093437 -0.081083678 0.303898722 0.003472646 -0.027653500 -0.050267626 0.998346806
1403636756113555456.000000 0.325542927 -0.060642380 0.228744954 -0.004687200 -0.054644309 -0.052575372 0.997109771
1403636756913555712.000000 0.244346648 -0.049151368 0.174982056 0.002351043 -0.062176578 -0.052825693 0.996663451
1403636757613555456.000000 0.175671771 -0.030216213 0.112353623 -0.016250525 -0.070637032 -0.064314604 0.995293915
1403636758313555456.000000 0.096959859 -0.035801731 0.057807442 -0.002932100 -0.103829309 -0.058994129 0.992839694
1403636758863555584.000000 0.044222254 -0.024130996 0.037958473 -0.022211857 -0.107547916 -0.041313540 0.993092775
1403636759413555712.000000 0.013225145 -0.006560181 0.036004364 -0.006320379 -0.115141310 -0.024273533 0.993032455
1403636761313555456.000000 0.002614954 0.049144298 0.016088217 -0.045931417 -0.104531154 -0.070963271 0.990922689
1403636761413555712.000000 -0.000036780 0.050062709 0.016627677 -0.036005143 -0.105353571 -0.069570817 0.991344631
1403636761513555456.000000 -0.002947147 0.050107460 0.017558318 -0.020621806 -0.105920978 -0.067891702 0.991839826
1403636761963555584.000000 -0.014409559 0.046399504 0.019589240 -0.009076361 -0.110664949 -0.044732638 0.992809117
1403636762413555712.000000 -0.021406455 0.043629371 0.018277939 -0.036634639 -0.096234955 -0.076525889 0.991736114
1403636762763555840.000000 -0.031601340 0.052875448 0.026331643 -0.013185731 -0.112714261 -0.029095471 0.993113816
1403636763163555584.000000 -0.025553752 0.057483096 0.025511948 0.018339640 -0.070389636 -0.014173410 0.997250259
1403636763713555456.000000 -0.025383011 0.058076032 0.026014447 0.003473522 -0.068796732 -0.008998941 0.997584105
