1403636579763555840.000000 0.000000000 0.000000000 0.000000000 -0.000000000 -0.000000000 -0.000000000 1.000000000
1403636580013555456.000000 -0.000170411 0.019974761 0.006728100 -0.017337667 0.005661981 -0.000811276 0.999833345
1403636580113555456.000000 -0.000402902 0.029666463 0.009491776 -0.023391068 0.005578681 0.002156948 0.999708533
1403636580263555840.000000 -0.000681248 0.042868320 0.012972198 -0.029858354 0.004390757 0.002811859 0.999540567
1403636580463555584.000000 -0.001176479 0.055573318 0.014909176 -0.055513948 0.002865972 -0.002009023 0.998451769
1403636580563555840.000000 -0.001572055 0.056562912 0.014834164 -0.070963353 0.002038757 -0.001090211 0.997476220
1403636580663555584.000000 -0.001802149 0.051048342 0.013116621 -0.072167829 -0.000357553 -0.000487141 0.997392356
1403636581513555456.000000 -0.002635260 -0.021532340 -0.004302967 0.017697494 0.026043115 -0.019096874 0.999321699
1403636584763555840.000000 0.000359663 -0.020652236 -0.000280498 -0.001362955 0.043487329 -0.018444963 0.998882771
1403636585163555584.000000 -0.000069824 -0.030919682 -0.002886947 0.014150928 0.052458134 -0.007188166 0.998497009
1403636586563555840.000000 0.001743841 0.021075888 -0.007548737 -0.201948598 0.042938963 0.013816547 0.978356838
1403636586663555584.000000 0.003256620 0.020767765 -0.008577316 -0.204992935 0.041280985 0.013986188 0.977792501
1403636586763555840.000000 0.004985665 0.019970652 -0.008733695 -0.198899016 0.037838791 0.015493445 0.979166687
1403636588113555456.000000 0.060379107 0.015435412 0.002634465 -0.204639897 0.064334571 0.032984000 0.976163745
1403636588263555840.000000 0.065622844 0.016515253 0.003268531 -0.206011757 0.063669309 0.032562032 0.975932956
1403636588713555456.000000 0.059035353 0.016528891 0.001473850 -0.200115979 0.060780212 0.034370426 0.977280915
1403636588763555840.000000 0.056562535 0.016698865 0.000898498 -0.201410949 0.057993036 0.033306681 0.977221131
1403636588863555584.000000 0.050463818 0.017207740 0.000113140 -0.202873215 0.053888299 0.032346331 0.977185905
1403636589663555584.000000 -0.018699829 0.018268922 -0.007338748 -0.192309216 0.018282034 0.011115476 0.981101155
1403636589813555456.000000 -0.031421579 0.019810056 -0.008313676 -0.193594903 0.009417507 0.009282374 0.980992436
1403636590113555456.000000 -0.048760526 0.022487534 -0.009462846 -0.195494264 -0.014402027 0.007680651 0.980569065
1403636590263555840.000000 -0.051198069 0.022150975 -0.010171698 -0.189010039 -0.017604562 0.005298172 0.981803060
1403636590413555712.000000 -0.047630370 0.021808956 -0.010657339 -0.191972256 -0.013126775 0.003299466 0.981307030
1403636590613555456.000000 -0.036303274 0.020363582 -0.011924804 -0.187292024 0.000686695 0.000957896 0.982303560
1403636591163555584.000000 0.010356412 0.019114090 -0.009242301 -0.196632758 0.014350886 0.013742689 0.980275869
1403636591313555456.000000 0.021513451 0.019305235 -0.007731088 -0.199375838 0.017481575 0.016158979 0.979633927
1403636592063555840.000000 0.041677188 0.020389466 0.005188962 -0.142808720 0.087936230 0.032353718 0.985305071
1403636592213555456.000000 0.045783676 0.018944507 0.010727152 -0.155749351 0.101112671 0.042947818 0.981668949
1403636592363555584.000000 0.048580583 0.017032333 0.017636865 -0.167954654 0.100595213 0.047595605 0.979493022
1403636593313555456.000000 -0.019984320 0.015340005 0.027104964 -0.170390710 -0.103812613 -0.006079955 0.979873955
1403636593513555456.000000 -0.030810025 0.021824213 0.010148933 -0.177523285 -0.106495999 -0.009171007 0.978294432
1403636593713555456.000000 -0.028183755 0.029009417 -0.005498079 -0.193364322 -0.079673149 0.007799023 0.977855623
1403636593863555584.000000 -0.018759528 0.033398256 -0.014774666 -0.194588155 -0.031262130 0.028877402 0.979961336
1403636594063555840.000000 0.000777631 0.035508487 -0.021600047 -0.175047815 0.048002202 0.055684671 0.981811225
1403636594213555456.000000 0.017017838 0.034708105 -0.021510160 -0.173432142 0.097468898 0.071925119 0.977367818
1403636594413555712.000000 0.038962830 0.031193655 -0.011197191 -0.172739491 0.133553803 0.073356621 0.973110080
1403636594613555456.000000 0.054799452 0.025639499 0.006102453 -0.153055727 0.139870673 0.066206604 0.976026058
1403636594813555456.000000 0.053448725 0.021135939 0.022496218 -0.141743794 0.118838809 0.059850182 0.980919957
1403636596013555456.000000 0.019401269 0.039568942 -0.005963446 -0.167669848 0.018532554 0.005090818 0.985655844
1403636596213555456.000000 0.027533241 0.043399058 -0.017824708 -0.173399121 0.061567679 0.023166366 0.982652307
1403636596463555584.000000 0.013802509 0.044325523 -0.035469823 -0.162827477 0.066255860 0.028592484 0.984012127
1403636596513555456.000000 0.009892924 0.044151440 -0.039266586 -0.161114052 0.065211587 0.025670102 0.984444380
1403636596713555456.000000 -0.001559519 0.045206506 -0.048083462 -0.160870790 0.062296793 0.018622531 0.984831393
1403636596813555456.000000 -0.003509152 0.045345437 -0.047938168 -0.158367723 0.060263108 0.013882570 0.985441685
1403636596963555584.000000 -0.001886219 0.043690868 -0.040085495 -0.152803883 0.061985027 0.005247275 0.986296773
1403636597063555840.000000 0.000971877 0.041541066 -0.030804528 -0.160267547 0.063299492 0.003168788 0.985036790
1403636597113555456.000000 0.002683552 0.039923985 -0.025424467 -0.166570932 0.060448807 0.004300458 0.984165430
1403636597163555584.000000 0.004502506 0.038356069 -0.019725950 -0.171582654 0.055354200 0.002776510 0.983609498
1403636598163555584.000000 -0.006603380 0.031339094 0.005477280 -0.156243324 -0.076230377 -0.050228015 0.983490765
1403636598413555712.000000 -0.002877142 0.041245606 -0.004366844 -0.187960282 -0.059341025 -0.056400042 0.978758693
1403636598613555456.000000 0.001535810 0.044182021 0.003389954 -0.172715023 -0.061797451 -0.058373682 0.981296659
1403636598813555456.000000 0.004903614 0.045730665 0.017510807 -0.132982388 -0.085584156 -0.054791469 0.985895038
1403636599013555456.000000 0.007671022 0.050618254 0.030845979 -0.093133554 -0.091921337 -0.051324405 0.990071952
1403636615613555456.000000 0.011286573 0.059412345 0.048760634 0.019098377 -0.086057954 -0.017117497 0.995959997
1403636619463555584.000000 0.011253978 0.059414808 0.048722260 0.019447360 -0.086536445 -0.017961936 0.995896935
1403636623763555840.000000 0.011340098 0.059361730 0.048767988 0.019618016 -0.084943056 -0.017868215 0.996032417
1403636624713555456.000000 0.016844226 0.060554914 0.045719095 -0.003600102 -0.069297560 -0.027324766 0.997215271
1403636624813555456.000000 0.019588903 0.061209176 0.044125587 -0.004496180 -0.065724649 -0.037345223 0.997128606
1403636624913555712.000000 0.022710353 0.061284002 0.041602455 -0.013616152 -0.061161220 -0.052542172 0.996651053
1403636624963555584.000000 0.024226833 0.060803153 0.040093232 -0.019482875 -0.058770057 -0.060591280 0.996240556
1403636625013555456.000000 0.025565417 0.059890814 0.038322795 -0.025514226 -0.057442728 -0.065241046 0.995888054
1403636625163555584.000000 0.028061774 0.054561079 0.032969795 -0.039458841 -0.058466412 -0.065661095 0.995345831
1403636625363555584.000000 0.028540419 0.046187997 0.028326890 -0.028416600 -0.064389296 -0.054202430 0.996046543
1403636625563555840.000000 0.028627966 0.047841039 0.029513618 -0.036328860 -0.066770114 -0.054954916 0.995591283
1403636627363555584.000000 0.034431104 -0.002420080 0.029295595 -0.006826998 -0.082724102 -0.052478507 0.995166421
1403636627813555456.000000 0.043992791 -0.008370375 0.021605136 -0.027961597 -0.053195052 -0.041258156 0.997339547
1403636629163555584.000000 0.089598812 -0.039713234 0.037888288 -0.028818654 0.006664224 -0.021879094 0.999322951
1403636629363555584.000000 0.100109451 -0.045310635 0.043256953 -0.021318091 0.024399664 -0.011307392 0.999410987
1403636629763555840.000000 0.124820068 -0.042895086 0.064778119 -0.029866701 0.081642836 0.016337654 0.996080101
1403636629963555584.000000 0.141679347 -0.037675936 0.075836569 -0.037133209 0.123453669 0.027387720 0.991277099
1403636630563555840.000000 0.194662482 -0.058596596 0.115138590 -0.015841667 0.157247886 0.027813837 0.987040341
1403636630713555456.000000 0.206461489 -0.066895746 0.123711713 -0.019199109 0.155566454 0.020365939 0.987428844
1403636630863555584.000000 0.217587233 -0.075045824 0.134911478 -0.020431058 0.150264844 0.022773605 0.988172293
1403636631063555840.000000 0.231747732 -0.077336676 0.150651485 -0.016591057 0.145033717 0.028147776 0.988887072
1403636631263555840.000000 0.245387286 -0.082867235 0.166227013 -0.010702588 0.143746123 0.026800081 0.989193738
1403636631813555456.000000 0.284388334 -0.083058551 0.210233137 -0.012779308 0.139550045 0.018138273 0.989966393
1403636632013555456.000000 0.294638842 -0.088966295 0.225971773 -0.015393409 0.140988097 0.014938411 0.989778936
1403636633463555584.000000 0.348367870 -0.108502716 0.351346582 -0.026909813 0.024889819 -0.013988398 0.999230027
1403636633713555456.000000 0.357624650 -0.109849349 0.380617708 -0.033429489 0.028336233 -0.009968895 0.998989582
1403636633963555584.000000 0.366940260 -0.118792117 0.410439163 -0.028295295 0.032295167 0.002970564 0.999073386
1403636634713555456.000000 0.410339147 -0.156099856 0.507684946 -0.006747023 0.025080675 -0.021926297 0.999422193
1403636634963555584.000000 0.423334330 -0.166911453 0.537747324 -0.017110605 0.008204930 -0.028233532 0.999421239
1403636635163555584.000000 0.432209045 -0.176847786 0.561052024 -0.021008709 0.000175259 -0.033116668 0.999230623
1403636635363555584.000000 0.438473821 -0.185141906 0.587025344 -0.028034780 -0.006184022 -0.026930951 0.999224961
1403636635563555840.000000 0.446753353 -0.193825930 0.612649202 -0.029300688 -0.009400012 -0.019776918 0.999330759
1403636635763555840.000000 0.456297308 -0.207987785 0.637806058 -0.023170158 -0.009577865 -0.014108773 0.999586105
1403636636013555456.000000 0.468594372 -0.233203590 0.670841932 -0.026375774 -0.009845301 -0.004046786 0.999595463
1403636636163555584.000000 0.479222089 -0.247756541 0.690076947 -0.031718235 -0.004801731 -0.018147349 0.999320567
1403636636263555840.000000 0.485673338 -0.258706003 0.703489363 -0.020496601 -0.002113385 -0.026011765 0.999449253
1403636636463555584.000000 0.499339581 -0.281644523 0.728309691 0.007780985 -0.001329825 -0.030191123 0.999512970
1403636636713555456.000000 0.514054298 -0.302183986 0.758986354 0.011931259 0.006013336 -0.049728412 0.998673379
1403636636963555584.000000 0.525470674 -0.310476750 0.783608675 0.004546849 0.005131545 -0.054975610 0.998464167
1403636637213555456.000000 0.528714001 -0.311737239 0.807508945 -0.010831273 -0.005074690 -0.034015741 0.999349713
1403636637463555584.000000 0.529994726 -0.314513594 0.828652799 -0.020811902 -0.007493062 -0.034525100 0.999159038
1403636637713555456.000000 0.531530380 -0.326000869 0.846905053 -0.023238476 -0.011389028 -0.032134943 0.999148488
1403636638213555456.000000 0.531314850 -0.354717702 0.886376441 -0.006563677 -0.014584833 -0.032262791 0.999351442
1403636638363555584.000000 0.531796277 -0.355830878 0.898339987 -0.013899339 -0.017661933 -0.027260652 0.999375641
1403636638463555584.000000 0.531967342 -0.354186922 0.908011973 -0.034432709 -0.020620845 -0.017709743 0.999037325
1403636638563555840.000000 0.533170879 -0.352749735 0.917718410 -0.047648996 -0.022395443 -0.012109436 0.998539627
1403636638663555584.000000 0.534149885 -0.353562415 0.928164423 -0.047949441 -0.020240109 -0.019752834 0.998449326
1403636638763555840.000000 0.537080705 -0.356974840 0.938672960 -0.040092181 -0.018708833 -0.026123747 0.998679221
1403636638913555712.000000 0.539827645 -0.365654677 0.955549240 -0.027339004 -0.019827398 -0.025750116 0.999097764
1403636639163555584.000000 0.546609759 -0.381810367 0.985040009 -0.024372268 -0.028040782 -0.003245807 0.999304354
1403636639263555840.000000 0.550113082 -0.384048700 0.998768151 -0.025501741 -0.029389227 0.001014753 0.999242187
1403636639313555456.000000 0.553802729 -0.385261804 1.003542304 -0.025582165 -0.028014388 -0.001391050 0.999279141
1403636639563555840.000000 0.568742692 -0.384844095 1.041397214 -0.022682166 -0.017237922 -0.036156312 0.998939991
1403636640813555456.000000 0.629006147 -0.417285502 1.182532668 -0.008922357 -0.057057559 -0.050502751 0.997052848
1403636641363555584.000000 0.647428453 -0.423682183 1.222462535 -0.007660047 -0.058139063 -0.041356701 0.997422099
1403636641563555840.000000 0.652460337 -0.422957540 1.237687945 -0.008242554 -0.056994390 -0.039788809 0.997547269
1403636641713555456.000000 0.657417417 -0.423622727 1.248029470 -0.006920208 -0.054133989 -0.044513788 0.997517049
1403636641913555712.000000 0.663479209 -0.428829014 1.256483793 -0.005296204 -0.052153736 -0.045569438 0.997584760
1403636643313555456.000000 0.702729166 -0.447171986 1.302453518 -0.013256983 0.001890864 -0.020056801 0.999709189
1403636643713555456.000000 0.716485798 -0.453528076 1.314646125 -0.036583975 -0.001873257 -0.021816913 0.999090672
1403636643913555712.000000 0.723135650 -0.465041578 1.325713515 -0.046444856 -0.002697110 -0.024906363 0.998606682
1403636644113555456.000000 0.730763376 -0.472672790 1.339891315 -0.050596971 -0.002286861 -0.027146854 0.998347521
1403636644313555456.000000 0.737329602 -0.478775471 1.361166716 -0.028479058 -0.006746895 -0.012023564 0.999499321
1403636644513555456.000000 0.746902108 -0.481756479 1.384653330 -0.005627861 -0.011934642 0.004926998 0.999900818
1403636644913555712.000000 0.775527894 -0.470257908 1.431812525 -0.004479412 0.001467651 -0.026453508 0.999638975
1403636645413555712.000000 0.813985884 -0.465532154 1.485934377 -0.052406967 0.005167675 -0.024129311 0.998320878
1403636645563555840.000000 0.825487733 -0.470405608 1.507232070 -0.043867599 0.006059147 -0.024578562 0.998716593
1403636645763555840.000000 0.838744462 -0.475979060 1.539521813 -0.038377851 0.006780940 -0.025073638 0.998925686
1403636646063555840.000000 0.859602392 -0.495809764 1.589331985 -0.026338309 0.011896589 -0.012154215 0.999508440
1403636646263555840.000000 0.874414623 -0.514139116 1.622871876 -0.012306674 0.046478461 0.012967342 0.998759329
1403636646863555584.000000 0.931111932 -0.560691893 1.708930731 0.006695590 0.155101046 0.031935763 0.987359583
1403636647063555840.000000 0.950486600 -0.577431560 1.726387143 0.000758052 0.158607140 0.032636851 0.986801982
1403636647263555840.000000 0.967642784 -0.589325964 1.744690180 -0.008492431 0.157935813 0.032745592 0.986869752
1403636647463555584.000000 0.984603643 -0.598431230 1.761375427 -0.001516584 0.153284878 0.037129637 0.987483084
1403636647663555584.000000 1.003881812 -0.606954932 1.777315378 0.011260646 0.147553235 0.041153155 0.988133430
1403636647863555584.000000 1.023552179 -0.614386261 1.788475752 0.004722364 0.155381739 0.038426399 0.987095594
1403636648113555456.000000 1.049507141 -0.615581036 1.800479889 0.003831532 0.194355190 0.049648065 0.979666471
1403636648363555584.000000 1.075569272 -0.605388403 1.809766531 0.007947621 0.257398456 0.070310287 0.963711202
1403636649163555584.000000 1.158274770 -0.604034126 1.811477661 -0.010949736 0.350881636 0.099959910 0.931004941
1403636649613555456.000000 1.198536754 -0.633325875 1.799156308 0.001899877 0.338974476 0.091009863 0.936381280
1403636649813555456.000000 1.214911580 -0.648578227 1.792492509 0.011593601 0.349842906 0.095290646 0.931877315
1403636650063555840.000000 1.234625697 -0.660230160 1.783993959 0.013370285 0.365221560 0.095359221 0.925927162
1403636650513555456.000000 1.260504246 -0.654990375 1.763464212 0.003029664 0.447692245 0.129356086 0.884776533
1403636651113555456.000000 1.283270121 -0.640567243 1.739092946 0.009315019 0.499780744 0.140203699 0.854678512
1403636651463555584.000000 1.286592007 -0.645274639 1.714980125 -0.002100732 0.490728945 0.144826606 0.859189093
1403636651663555584.000000 1.288956046 -0.641590476 1.701950550 0.007691520 0.486093402 0.138244286 0.862868786
1403636651913555712.000000 1.288017988 -0.635825932 1.684080958 0.023367101 0.494112283 0.153139830 0.855485439
1403636652163555584.000000 1.285842776 -0.626161456 1.665746450 0.015545178 0.547629416 0.169344693 0.819257438
1403636652763555840.000000 1.281338573 -0.584942937 1.610642195 -0.026944069 0.649419367 0.230275303 0.724225044
1403636653063555840.000000 1.289677858 -0.577590406 1.578535676 -0.020489251 0.654112518 0.220624670 0.723216355
1403636653913555712.000000 1.316320896 -0.563960195 1.507200241 0.006862298 0.644710124 0.184798270 0.741721928
1403636653963555584.000000 1.315759420 -0.561974645 1.505805492 0.006873108 0.644385278 0.186368838 0.741611123
1403636654413555712.000000 1.315016150 -0.548459649 1.472764850 0.003710493 0.667349398 0.202638552 0.716637075
1403636654613555456.000000 1.312497258 -0.549443305 1.453529358 -0.001818357 0.692932487 0.215654686 0.687993050
1403636654763555840.000000 1.305745840 -0.548462629 1.446156502 -0.003645839 0.705860794 0.227863953 0.670690179
1403636655063555840.000000 1.299065351 -0.543590248 1.426485419 0.002823893 0.722722471 0.222450152 0.654354870
1403636655313555456.000000 1.290348291 -0.533228159 1.410295963 0.015493546 0.729008019 0.217521384 0.648838699
1403636655413555712.000000 1.285039663 -0.528796315 1.405446172 0.019804865 0.733815849 0.219752401 0.642519236
1403636655763555840.000000 1.261039138 -0.516344786 1.385643601 0.006896105 0.753543377 0.253144592 0.606665194
1403636655913555712.000000 1.248393059 -0.505740047 1.378156066 0.006954240 0.766058683 0.266157389 0.585035026
1403636656063555840.000000 1.238106012 -0.495534003 1.371803164 0.009046958 0.781995058 0.272054404 0.560703278
1403636656263555840.000000 1.223597646 -0.482838988 1.354368925 0.001847500 0.792922437 0.273717165 0.544379890
1403636656363555584.000000 1.215994716 -0.481945753 1.346617699 -0.000759063 0.794851482 0.276361793 0.540217280
1403636656463555584.000000 1.209083080 -0.481880844 1.337189436 -0.001850519 0.795519888 0.277196914 0.538800955
1403636656563555840.000000 1.203700781 -0.480978817 1.325201035 -0.004311161 0.795421839 0.275000364 0.540055811
1403636656663555584.000000 1.197933555 -0.481986851 1.313606262 -0.000855556 0.796141326 0.269662499 0.541701376
1403636656863555584.000000 1.187376142 -0.478273749 1.295528412 0.009531081 0.801387370 0.246428356 0.544940710
1403636657013555456.000000 1.177825928 -0.472687066 1.282044649 0.014735932 0.800337791 0.241344348 0.548630178
1403636657113555456.000000 1.170921206 -0.467010170 1.273729563 0.019518772 0.799134612 0.241687432 0.550081909
1403636657313555456.000000 1.153939605 -0.457213521 1.259346247 0.021592919 0.795131743 0.249343038 0.552383304
1403636657563555840.000000 1.128767133 -0.447254121 1.238868356 0.015114900 0.787967980 0.271664202 0.552337348
1403636657713555456.000000 1.115734100 -0.439087391 1.224990726 0.014681660 0.787387192 0.274653614 0.551698565
1403636657863555584.000000 1.097389102 -0.428694218 1.212912321 0.017644437 0.789205194 0.279029846 0.546796322
1403636658013555456.000000 1.082000256 -0.417172432 1.197169423 0.018871121 0.788443089 0.287464291 0.543475568
1403636658163555584.000000 1.065914392 -0.408843994 1.179298878 0.006576895 0.793099403 0.280746043 0.540492177
1403636658263555840.000000 1.056017995 -0.403937995 1.163979053 -0.000847124 0.795537293 0.275778949 0.539505064
1403636658363555584.000000 1.046106339 -0.398552179 1.152148724 -0.006620653 0.798052013 0.273821324 0.536741138
1403636658563555840.000000 1.028298497 -0.386124492 1.124201536 -0.018603211 0.800236404 0.269296139 0.535495281
1403636658663555584.000000 1.022101879 -0.376894236 1.110444427 -0.022616111 0.801473022 0.264603317 0.535830736
1403636658763555840.000000 1.015403509 -0.369278252 1.098727703 -0.024077503 0.803300977 0.259678155 0.535439134
1403636658863555584.000000 1.009114742 -0.361419141 1.088778973 -0.025409773 0.806626201 0.250380486 0.534806669
1403636658963555584.000000 1.005904675 -0.354716241 1.076920748 -0.016679585 0.807143152 0.249400005 0.534828484
1403636659113555456.000000 0.998322010 -0.342679024 1.064367533 -0.004382184 0.808035493 0.246634021 0.535005689
1403636659213555456.000000 0.993414164 -0.333167613 1.056034088 0.000214868 0.808319092 0.244400889 0.535619676
1403636659313555456.000000 0.988392830 -0.324194163 1.050040960 0.000634897 0.807927370 0.246413320 0.535288215
1403636659413555712.000000 0.982322693 -0.316773057 1.042615652 -0.004728989 0.805618644 0.252132982 0.536083221
1403636659513555456.000000 0.975277424 -0.311848223 1.037360430 -0.010695690 0.804648280 0.255506396 0.535857499
1403636659613555456.000000 0.968498826 -0.305490315 1.032543302 -0.009007909 0.805517972 0.253877223 0.535355985
1403636659713555456.000000 0.965509892 -0.301120073 1.024761200 -0.007857274 0.806416869 0.251975328 0.534919202
1403636659813555456.000000 0.960804105 -0.294931829 1.020272732 -0.007201374 0.807784438 0.249973595 0.533802986
1403636659913555712.000000 0.955635905 -0.287233531 1.016822696 -0.007620634 0.807951152 0.251478791 0.532837033
1403636660063555840.000000 0.947825670 -0.275563270 1.013163805 -0.014659548 0.805770516 0.261969864 0.530933976
1403636660413555712.000000 0.936252236 -0.245819241 1.009065151 -0.032475311 0.799148440 0.283441633 0.529120028
1403636660563555840.000000 0.938071549 -0.238161862 1.005897641 -0.033167642 0.799503565 0.282676905 0.528949678
1403636660713555456.000000 0.941185653 -0.228454784 1.003781319 -0.023590021 0.806718171 0.260254383 0.530016124
1403636660863555584.000000 0.946460724 -0.218214944 1.004593611 -0.025458021 0.813511074 0.238979399 0.529566348
1403636661163555584.000000 0.957907498 -0.194652870 1.012797117 -0.009859516 0.812796235 0.239513308 0.530941010
1403636661313555456.000000 0.964192212 -0.183347344 1.020389080 -0.003120654 0.812414348 0.240503043 0.531160474
1403636661463555584.000000 0.967774153 -0.178798288 1.030061126 -0.002265987 0.812386394 0.242038995 0.530509531
1403636661763555840.000000 0.973542094 -0.176024690 1.047548056 0.006258089 0.809215248 0.248744696 0.532219529
1403636662013555456.000000 0.974905968 -0.181472853 1.060325861 0.018157359 0.807241797 0.250259459 0.534229577
1403636662163555584.000000 0.972797275 -0.187083319 1.067594171 0.014077949 0.808474481 0.246977881 0.534015715
1403636662513555456.000000 0.963837266 -0.194810569 1.086406946 -0.014828109 0.808162093 0.253717422 0.531301677
1403636662863555584.000000 0.957168221 -0.194546551 1.111502886 0.015564622 0.801376879 0.278177023 0.529311359
1403636663163555584.000000 0.952345848 -0.187676594 1.126871824 0.014850530 0.794936895 0.299499631 0.527403831
1403636663313555456.000000 0.951947212 -0.182573840 1.128583431 -0.008475726 0.799725473 0.287956655 0.526733577
1403636663513555456.000000 0.953605771 -0.173306853 1.129660368 -0.037846453 0.800650716 0.284667999 0.525823355
1403636663813555456.000000 0.967643499 -0.157053322 1.133915544 -0.054918535 0.803287923 0.272898376 0.526534855
1403636663963555584.000000 0.981123328 -0.153793305 1.137750626 -0.058434036 0.808721006 0.251854897 0.528322697
1403636664113555456.000000 0.997799039 -0.153459877 1.142081141 -0.048906058 0.811269164 0.237645194 0.531954229
1403636664263555840.000000 1.019242525 -0.155988008 1.150133371 -0.028757647 0.810256839 0.234721854 0.536248565
1403636664413555712.000000 1.039625645 -0.158609882 1.161990166 -0.016837174 0.807651758 0.235078484 0.540512025
1403636664613555456.000000 1.064675450 -0.154554740 1.182736754 -0.002335223 0.802331150 0.236552373 0.547998369
1403636664713555456.000000 1.077595830 -0.152708113 1.193129301 0.003746900 0.798723996 0.239694327 0.551880956
1403636664763555840.000000 1.084347010 -0.153104231 1.199233174 -0.000273516 0.797939718 0.240236670 0.552791536
1403636664963555584.000000 1.106419325 -0.155775979 1.219427824 -0.005941910 0.792681694 0.242532268 0.559283912
1403636665563555840.000000 1.168529987 -0.187925845 1.279003859 -0.012432866 0.788312793 0.247699022 0.563075066
1403636666013555456.000000 1.215479255 -0.216779381 1.320790410 0.013087442 0.790096760 0.251978755 0.558643460
1403636666763555840.000000 1.269164085 -0.248686194 1.397012591 -0.006549914 0.785295725 0.259240508 0.562194049
1403636667263555840.000000 1.299222589 -0.266052723 1.434629917 -0.000563873 0.786135972 0.249507442 0.565452099
1403636667763555840.000000 1.328642011 -0.268734872 1.470473289 -0.003851749 0.777865529 0.268721133 0.568066359
1403636668013555456.000000 1.345861197 -0.276477098 1.484133482 -0.001000627 0.778747678 0.269759595 0.566375196
1403636668263555840.000000 1.363197803 -0.274717689 1.497970819 -0.013163486 0.784541190 0.263085127 0.561344862
1403636668513555456.000000 1.382033229 -0.269619882 1.511310577 -0.014150116 0.789552987 0.259581000 0.555898905
1403636668713555456.000000 1.401972413 -0.263515323 1.526121378 -0.017841367 0.793445230 0.256208152 0.551800489
1403636668963555584.000000 1.424757838 -0.261955917 1.544720173 -0.025126901 0.801888227 0.233874068 0.549223840
1403636669413555712.000000 1.467607975 -0.274299711 1.588884115 -0.001651799 0.801775753 0.238951698 0.547772765
1403636669613555456.000000 1.483095765 -0.275516152 1.613197207 0.007575478 0.804615498 0.226805463 0.548721969
1403636669813555456.000000 1.495307207 -0.280094326 1.640864015 0.023291940 0.805144548 0.221540958 0.549653888
1403636670013555456.000000 1.500451922 -0.290980041 1.668245435 0.051762316 0.789601624 0.260233194 0.553288937
1403636670213555456.000000 1.497003436 -0.302242577 1.688759923 0.069734670 0.779768944 0.271529704 0.559793711
1403636670413555712.000000 1.487153530 -0.309252083 1.701185226 0.092657708 0.766844332 0.275506228 0.572241783
1403636670613555456.000000 1.466575980 -0.313258439 1.704251647 0.096608050 0.743399858 0.280335367 0.599529564
1403636670963555584.000000 1.415819407 -0.316595733 1.673954844 0.109476298 0.683913887 0.270296663 0.668742418
1403636671213555456.000000 1.365942717 -0.313787311 1.623137116 0.095673725 0.633862972 0.241753608 0.728436351
1403636672463555584.000000 1.180538654 -0.287676424 1.298834682 -0.087255754 0.593467891 0.159524336 0.784049928
1403636672963555584.000000 1.177709579 -0.266471446 1.260287642 -0.028641259 0.575692058 0.170270085 0.799228668
1403636673363555584.000000 1.177202940 -0.258198798 1.248814940 -0.065673649 0.529595017 0.170250192 0.828390598
1403636673713555456.000000 1.191874146 -0.262381881 1.255676746 -0.043464627 0.524832964 0.151465073 0.836492479
1403636675113555456.000000 1.269454241 -0.253292978 1.385881901 -0.042177446 0.467254639 0.175286159 0.865545511
1403636676413555712.000000 1.396924734 -0.275048971 1.557102799 -0.032510385 0.326845080 0.054730117 0.942931592
1403636676663555584.000000 1.410314202 -0.280422211 1.594906807 -0.027299490 0.271087527 0.053503264 0.960678816
1403636677713555456.000000 1.445555925 -0.316219926 1.759752750 0.017058998 0.183187351 0.031030435 0.982440114
1403636678013555456.000000 1.443879366 -0.329717547 1.786352396 -0.010295192 0.101893291 0.037857272 0.994021416
1403636678513555456.000000 1.452576280 -0.346652299 1.825568438 -0.015451014 0.023147190 -0.015540192 0.999491870
1403636679513555456.000000 1.440330982 -0.367531329 1.879938483 -0.001654379 -0.205424413 -0.091308840 0.974402785
1403636679913555712.000000 1.429998279 -0.385413021 1.883633614 0.004853047 -0.246345490 -0.112797163 0.962583601
1403636680113555456.000000 1.427143574 -0.400778532 1.878295779 0.015092487 -0.237739533 -0.138462067 0.961291015
1403636680313555456.000000 1.422027111 -0.410943389 1.869851947 0.021490306 -0.233187258 -0.143749535 0.961508214
1403636680563555840.000000 1.410598040 -0.414367974 1.851933479 0.012051949 -0.220234677 -0.158347338 0.962433159
1403636680713555456.000000 1.399717450 -0.411499768 1.839277148 0.007892779 -0.220509440 -0.147500694 0.964135289
1403636680863555584.000000 1.430539370 -0.435098737 1.810575008 -0.017921193 -0.250916243 -0.119085416 0.960488677
1403636681063555840.000000 1.365884304 -0.398155391 1.803352594 -0.039058320 -0.231289536 -0.104083322 0.966512442
1403636681563555840.000000 1.314124107 -0.380841672 1.760109067 -0.005254849 -0.232450709 -0.109205805 0.966443539
1403636681813555456.000000 1.289129734 -0.372602433 1.741763830 -0.001430382 -0.234864801 -0.117068343 0.964951575
1403636681963555584.000000 1.272325516 -0.366892070 1.727730870 0.000032879 -0.237884879 -0.116026387 0.964338481
1403636682163555584.000000 1.251563787 -0.364853710 1.705720067 -0.001776034 -0.242522269 -0.110911630 0.963783383
1403636682313555456.000000 1.235464811 -0.364167511 1.688243389 -0.016496688 -0.242536932 -0.110412642 0.963697433
1403636682413555712.000000 1.223735332 -0.360633284 1.679615974 -0.025294228 -0.241453484 -0.110696338 0.963746190
1403636682513555456.000000 1.215956092 -0.356814057 1.669803381 -0.017788634 -0.241380960 -0.110895999 0.963909149
1403636683013555456.000000 1.160520434 -0.342666686 1.618593216 0.004065847 -0.229685441 -0.117154866 0.966179490
1403636683213555456.000000 1.140491009 -0.336097300 1.597150087 0.001408300 -0.232299551 -0.112615466 0.966101825
1403636683363555584.000000 1.128292322 -0.327745408 1.579727650 -0.000242427 -0.237010852 -0.108994707 0.965373456
1403636683563555840.000000 1.108315349 -0.315275997 1.555398107 -0.001932881 -0.240675926 -0.107971944 0.964579463
1403636684163555584.000000 1.051151514 -0.287600875 1.479682326 -0.013038164 -0.249619320 -0.108158067 0.962196469
1403636684313555456.000000 1.037514210 -0.286121070 1.461117148 -0.007081348 -0.252484649 -0.107693456 0.961563051
1403636684863555584.000000 0.996337056 -0.266927689 1.395297408 -0.001931656 -0.259944439 -0.099320717 0.960500181
1403636685813555456.000000 0.946485639 -0.220125198 1.277017951 -0.005905978 -0.240368411 -0.118693143 0.963379502
1403636687013555456.000000 0.869335055 -0.159972042 1.134911299 -0.014827425 -0.247767568 -0.103768639 0.963132143
1403636687913555712.000000 0.826452851 -0.120945603 1.059062958 -0.005535370 -0.253471911 -0.101522803 0.961984634
1403636688763555840.000000 0.799296200 -0.051554821 0.996494055 -0.005281578 -0.246945232 -0.127644256 0.960571289
1403636688963555584.000000 0.789611816 -0.034916379 0.979705870 -0.011064734 -0.257896870 -0.126120478 0.957841516
1403636689013555456.000000 0.787619352 -0.031241035 0.974503577 -0.012487718 -0.261926860 -0.124167778 0.956985295
1403636689213555456.000000 0.776101112 -0.022986576 0.955285430 -0.021587232 -0.276853204 -0.120610684 0.953068435
1403636689613555456.000000 0.749116540 -0.022936326 0.920532763 -0.029362790 -0.289357841 -0.121754140 0.948992014
1403636689813555456.000000 0.734615803 -0.028674882 0.904586017 -0.047932345 -0.291284055 -0.110522680 0.949020982
1403636690013555456.000000 0.721662581 -0.032816071 0.897617638 -0.046026226 -0.294247270 -0.094397612 0.949941695
1403636690313555456.000000 0.704862475 -0.038860712 0.897877157 -0.041550614 -0.283762604 -0.115969725 0.950948656
1403636690513555456.000000 0.693165123 -0.049447611 0.900845289 -0.039169427 -0.283040702 -0.113414653 0.951572835
1403636690763555840.000000 0.678815663 -0.057064675 0.913894415 -0.038708590 -0.295060784 -0.076150931 0.951652169
1403636691013555456.000000 0.671847761 -0.058765791 0.935468435 -0.013077977 -0.304774433 -0.047429983 0.951152921
1403636691213555456.000000 0.680056334 -0.061732493 0.955396354 0.020227564 -0.305242598 -0.053726282 0.950542629
1403636691413555712.000000 0.698913097 -0.070897646 0.971573353 0.025089307 -0.297085285 -0.091549374 0.950120866
1403636691713555456.000000 0.737029672 -0.092875011 0.983668745 -0.003536635 -0.294502944 -0.117602773 0.948380232
1403636692063555840.000000 0.786251426 -0.114424407 0.994771719 0.001885946 -0.298999965 -0.109962814 0.947894335
1403636692463555584.000000 0.837529182 -0.144763783 1.001149178 -0.005111309 -0.291483313 -0.123980284 0.948493659
1403636692713555456.000000 0.869477034 -0.171996415 0.998915970 -0.007169471 -0.286927938 -0.128181294 0.949310601
1403636693063555840.000000 0.904381692 -0.201295078 0.992658913 -0.015401218 -0.276346475 -0.150959477 0.949002981
1403636693413555712.000000 0.924121678 -0.219560772 0.986407161 -0.035265461 -0.285087347 -0.134569064 0.948352695
1403636693763555840.000000 0.934340477 -0.230039984 0.990579188 -0.053997707 -0.287368774 -0.133771807 0.946894169
1403636694163555584.000000 0.933440924 -0.240042731 1.011642456 -0.006046588 -0.294498503 -0.121247947 0.947909832
1403636694563555840.000000 0.935984969 -0.251064062 1.028360367 -0.016472591 -0.293729126 -0.124838047 0.947558582
1403636695063555840.000000 0.937018275 -0.252960473 1.052464843 -0.020659992 -0.294659764 -0.107199267 0.949345648
1403636695963555584.000000 0.949934721 -0.267852545 1.091974974 -0.011533527 -0.277754396 -0.122225486 0.952775121
1403636696613555456.000000 0.948479652 -0.259570301 1.112855077 0.001808438 -0.274640441 -0.115272515 0.954610765
1403636697163555584.000000 0.948717773 -0.253489614 1.112225771 0.005893265 -0.260555118 -0.149493873 0.953796566
1403636697313555456.000000 0.946886063 -0.252642334 1.107605338 0.005305990 -0.259582400 -0.150466055 0.953912377
1403636697513555456.000000 0.940599144 -0.256862670 1.094815254 -0.011811328 -0.265875429 -0.130461827 0.955065668
1403636697613555456.000000 0.934051871 -0.260870904 1.087112546 -0.013396367 -0.260289699 -0.128025472 0.956911325
1403636697763555840.000000 0.927819848 -0.264385641 1.077678800 -0.014753731 -0.236667529 -0.121185668 0.963890493
1403636697913555712.000000 0.918670177 -0.262904912 1.068509340 -0.013116909 -0.206921235 -0.110542312 0.972004116
1403636698213555456.000000 0.903179646 -0.258990049 1.051270962 -0.014325701 -0.176708460 -0.093903698 0.979668856
1403636698963555584.000000 0.846756399 -0.220509067 1.020684958 -0.020225376 -0.014300889 -0.031623505 0.999192894
1403636699763555840.000000 0.802206039 -0.205942199 0.996554613 -0.018782536 0.189357445 0.075151689 0.978847921
1403636700913555712.000000 0.822124422 -0.140329212 0.979224563 -0.005545923 0.291294962 0.083859466 0.952934504
1403636702763555840.000000 0.925834537 -0.087599397 0.953819871 -0.029922297 0.395210713 0.112699963 0.911159635
1403636703363555584.000000 0.967048705 -0.058552265 0.977365494 0.003345788 0.385519207 0.130283624 0.913449526
1403636703913555712.000000 1.011594534 -0.060453132 0.982674599 -0.006369170 0.385597825 0.112862073 0.915716052
1403636704513555456.000000 1.059951663 -0.050211355 0.991371870 -0.027672635 0.378366888 0.111164421 0.918539762
1403636704963555584.000000 1.101346493 -0.050507411 1.008702993 -0.054689426 0.373845220 0.114015870 0.918830395
1403636705363555584.000000 1.147869706 -0.051176466 1.045677543 -0.023418590 0.377220750 0.095225289 0.920917034
1403636705813555456.000000 1.200760484 -0.057420626 1.097788334 -0.026714623 0.375103503 0.104171813 0.920723617
1403636706213555456.000000 1.246862531 -0.071449593 1.147485256 0.002605113 0.367455751 0.116186604 0.922751427
1403636706713555456.000000 1.307274342 -0.075889684 1.203509331 -0.025683533 0.372283071 0.091650821 0.923225820
1403636707063555840.000000 1.342360735 -0.092131257 1.244535804 -0.026474111 0.377873451 0.096713044 0.920411587
1403636707513555456.000000 1.389911175 -0.127565414 1.303745508 -0.029026916 0.387636185 0.099437863 0.915973723
1403636707913555712.000000 1.427494407 -0.162044734 1.361497879 -0.020897213 0.379407525 0.118978247 0.917309880
1403636708663555584.000000 1.512499332 -0.178352058 1.483248472 0.005390533 0.370374978 0.117452398 0.921411037
1403636709013555456.000000 1.553380966 -0.181709886 1.527284384 0.003097520 0.389462709 0.087413944 0.916879535
1403636709813555456.000000 1.597070694 -0.206814438 1.617471933 -0.018880975 0.395560294 0.089791223 0.913845241
1403636710063555840.000000 1.601451039 -0.215032458 1.648183107 -0.015830837 0.390985548 0.088659205 0.915979981
1403636710113555456.000000 1.600802183 -0.217095375 1.654173851 -0.014281363 0.390637726 0.088435337 0.916175425
1403636710613555456.000000 1.597470045 -0.224936962 1.727108955 0.002289962 0.345636040 0.113064550 0.931529403
1403636710963555584.000000 1.596240759 -0.219414920 1.773843050 -0.003033523 0.295879245 0.071070239 0.952573001
1403636711563555840.000000 1.578529596 -0.235773548 1.831585288 0.021545943 0.270169854 0.045749053 0.961483777
1403636711913555712.000000 1.552706242 -0.246429086 1.852528095 0.015568099 0.275158316 0.056231495 0.959626794
1403636712263555840.000000 1.519038558 -0.264215440 1.859288692 0.009111575 0.265439540 0.069212086 0.961596906
1403636712613555456.000000 1.482421756 -0.285396099 1.855219960 0.014105596 0.232184663 0.033318840 0.971998572
1403636712963555584.000000 1.436994910 -0.298574686 1.843175769 0.014525357 0.212023631 0.035173811 0.976523340
1403636713363555584.000000 1.387423158 -0.310061067 1.816222191 0.004037858 0.205396906 0.039876599 0.977857709
1403636714163555584.000000 1.291659355 -0.327720404 1.736867547 -0.004488966 0.214824185 0.055492084 0.975064635
1403636714613555456.000000 1.251396537 -0.313494354 1.697129607 -0.021760615 0.205978140 0.063198492 0.976271212
1403636715013555456.000000 1.224192023 -0.306286722 1.660405278 -0.031110143 0.127713829 0.018494131 0.991150498
1403636715613555456.000000 1.194450259 -0.315092266 1.624785423 -0.013810296 0.074160494 0.024545198 0.996848524
1403636716463555584.000000 1.178493857 -0.308558464 1.570294023 -0.006754074 0.100039706 0.015131667 0.994845450
1403636717313555456.000000 1.162722349 -0.277040392 1.500963211 -0.008832408 -0.004236659 -0.038165849 0.999223411
1403636718113555456.000000 1.126222968 -0.251064897 1.425371170 -0.008537955 -0.057313234 -0.068783611 0.995947361
1403636718913555712.000000 1.054157019 -0.203033715 1.356685877 -0.017300749 -0.166220516 -0.074704729 0.983102560
1403636719413555712.000000 1.020579696 -0.180787355 1.323022962 0.007570535 -0.168984994 -0.077237658 0.982558429
1403636719913555712.000000 0.994398117 -0.157043651 1.276869059 -0.011665776 -0.157933339 -0.068448044 0.985005498
1403636720613555456.000000 0.967886269 -0.125313371 1.223984838 -0.017917624 -0.157314688 -0.067681648 0.985063612
1403636721113555456.000000 0.961394310 -0.114929214 1.194054008 -0.012401582 -0.117913797 -0.050404474 0.991666257
1403636721713555456.000000 0.966356874 -0.102125250 1.161773324 -0.006532514 -0.045726232 -0.034374729 0.998341084
1403636722413555712.000000 0.971293867 -0.082918175 1.118319273 -0.007065349 -0.040260553 -0.039112538 0.998398423
1403636723263555840.000000 0.967905521 -0.065815158 1.063966513 -0.008937950 -0.025869085 -0.033573546 0.999061465
1403636724313555456.000000 0.949340045 -0.040747050 0.986657023 -0.023058159 0.068254687 -0.002053511 0.997399330
1403636725363555584.000000 0.925835907 -0.061808605 0.917063415 -0.014128393 0.113570884 0.022516388 0.993174255
1403636726413555712.000000 0.913143933 -0.062910140 0.878553987 -0.007632795 0.109684967 0.013147929 0.993850112
1403636727663555584.000000 0.910679340 -0.103346974 0.808144271 -0.000435135 0.094808541 0.000910123 0.995495021
1403636728813555456.000000 0.857597589 -0.125024781 0.729156077 -0.003165995 0.072585970 -0.001456895 0.997356057
1403636729963555584.000000 0.794071674 -0.106697403 0.629280865 -0.011580961 0.029109797 -0.018213157 0.999343216
1403636731213555456.000000 0.721450329 -0.088194996 0.551253855 -0.012546360 0.018528486 0.009945833 0.999700129
1403636732413555712.000000 0.719105661 -0.048180815 0.527808785 -0.001468935 0.026126331 -0.019599045 0.999465406
1403636733613555456.000000 0.678807199 -0.040895142 0.436153471 -0.011462383 0.020150170 -0.025706623 0.999400735
1403636734663555584.000000 0.613183260 -0.032452457 0.337555617 -0.018343186 0.014775460 -0.020771150 0.999506772
1403636735563555840.000000 0.559188426 -0.018032731 0.274658769 -0.018507896 0.017425703 -0.013257409 0.999588966
1403636736263555840.000000 0.524629653 -0.039602127 0.244666606 -0.009018339 0.000199025 -0.022501171 0.999706149
1403636737063555840.000000 0.486782461 -0.041371625 0.219677553 -0.005032883 -0.031190097 -0.046590328 0.998414338
1403636737863555584.000000 0.437521875 -0.031063484 0.186157063 -0.023791136 -0.052492268 -0.024162220 0.998045444
1403636738413555712.000000 0.417321444 -0.057461545 0.171766296 -0.019464487 -0.041930221 -0.028667526 0.998519480
1403636739263555840.000000 0.424651891 -0.049010299 0.183498174 -0.008821711 0.129070029 0.039058141 0.990826726
1403636740163555584.000000 0.465958565 -0.025188252 0.193768561 -0.010255082 0.244194776 0.057908636 0.967941344
1403636740863555584.000000 0.489272058 0.013945196 0.203317404 -0.007246590 0.227142736 0.060122702 0.971976817
1403636741913555712.000000 0.510456502 0.087839849 0.211350903 -0.017411102 0.255409926 0.060982551 0.964750648
1403636742613555456.000000 0.526148617 0.109287083 0.222367436 -0.011275508 0.235113919 0.059432991 0.970083535
1403636743363555584.000000 0.543718100 0.140327886 0.248111740 -0.048795987 0.246912256 0.079643495 0.964525878
1403636744063555840.000000 0.583543837 0.162466154 0.302953243 -0.003634805 0.275480300 0.067707956 0.958912432
1403636744363555584.000000 0.602055192 0.184138626 0.329990417 0.003784073 0.290617824 0.081534006 0.953351557
1403636745113555456.000000 0.640606761 0.267690957 0.384111941 -0.010471923 0.286864191 0.080762565 0.954503357
1403636745913555712.000000 0.675085545 0.288576543 0.408832550 0.002384784 0.298575550 0.065741673 0.952116072
1403636746563555840.000000 0.672756791 0.262886167 0.411292881 0.006517277 0.314770073 0.070278905 0.946540117
1403636747313555456.000000 0.649219215 0.248870552 0.426419735 -0.009137480 0.299921662 0.074108385 0.951037049
1403636748213555456.000000 0.630113542 0.187145650 0.454721630 0.000532960 0.308533251 0.113992743 0.944358349
1403636748963555584.000000 0.631237268 0.147034213 0.475968570 0.004765525 0.316147208 0.107067861 0.942637146
1403636749713555456.000000 0.647996128 0.113395333 0.476141840 -0.000565338 0.335441798 0.076508671 0.938948810
1403636750863555584.000000 0.627708733 0.059662037 0.438262343 -0.002874356 0.302297682 0.074267946 0.950311601
1403636751913555712.000000 0.586393654 -0.026046056 0.397929043 -0.023648348 0.280359209 0.096277788 0.954761863
1403636753163555584.000000 0.585813105 -0.092765652 0.379837334 -0.013608838 0.099668466 -0.011345130 0.994862974
1403636754313555456.000000 0.538499415 -0.091019049 0.371601999 0.008785993 0.023630647 -0.031009581 0.999201059
1403636754563555840.000000 0.524005353 -0.093690656 0.362047613 0.005835094 0.014865927 -0.037246265 0.999178529
1403636755663555584.000000 0.423061311 -0.079772107 0.286333054 -0.019559290 -0.056040023 -0.059286386 0.996474862
1403636756363555584.000000 0.342589021 -0.068686895 0.240326151 -0.002632578 -0.056251340 -0.052824553 0.997014761
1403636757113555456.000000 0.254972965 -0.055329893 0.178951979 0.000865211 -0.063965112 -0.051156897 0.996639729
1403636757863555584.000000 0.168715686 -0.031512119 0.102125078 -0.040532291 -0.087002203 -0.067791976 0.993072033
1403636758413555712.000000 0.098190904 -0.039329227 0.058567129 -0.011884812 -0.105515637 -0.055694815 0.992785633
1403636758963555584.000000 0.041101087 -0.024521742 0.040939420 -0.011676434 -0.104332335 -0.048347767 0.993297994
1403636759463555584.000000 0.013718201 -0.004157217 0.041057296 -0.004634591 -0.112115130 -0.032068688 0.993166864
1403636760013555456.000000 0.010829605 0.015407130 0.034222901 -0.015932446 -0.105614088 -0.059481572 0.992498755
1403636760663555584.000000 0.011401056 0.035419136 0.025699446 -0.017049914 -0.102873646 -0.067910939 0.992227018
1403636761313555456.000000 0.003145428 0.055498417 0.017933236 -0.045628592 -0.104998641 -0.070040338 0.990952909
1403636761413555712.000000 -0.000062486 0.056547835 0.018540172 -0.036092389 -0.104928456 -0.069047607 0.991423130
1403636761963555584.000000 -0.016212089 0.052345447 0.021924881 -0.009114597 -0.110586241 -0.044048220 0.992848098
1403636762763555840.000000 -0.035658583 0.059561022 0.030357432 -0.013580706 -0.112504795 -0.028044244 0.993162513
1403636763113555456.000000 -0.029361257 0.065503284 0.029419132 0.004324922 -0.077002257 -0.017160974 0.996873856
1403636763513555456.000000 -0.028387627 0.065414838 0.029749200 0.003149829 -0.069635741 -0.008326051 0.997532785
